# Columns:
#   1. scale factor
#   2-4. Photo rates (HI, HeI, HeII)
#   5-8. Jnu (LW, HI, HeI, HeII)
#   9-13. <XHI>, <XHII>, <XHeI>, <XHeII>, <XHeIII>, mass-weighted
#   14-18. <XHI>, <XHII>, <XHeI>, <XHeII>, <XHeIII>, volume-weighted
#   19. stellar mass density (Msun/CHIMP^3)
#   20. star formation rate density (Msun/yr/CHIMP^3)
#   21. Mean Ly-alpha flux
 0.0109  0.000e+00  0.000e+00  0.000e+00  0.000e+00  0.000e+00  0.000e+00  0.000e+00  9.998e-01  2.026e-04  1.000e+00  0.000e+00  0.000e+00  9.998e-01  2.026e-04  1.000e+00  0.000e+00  0.000e+00  0.000e+00  0.000e+00  1.000e+30
 0.0112  0.000e+00  0.000e+00  0.000e+00  0.000e+00  0.000e+00  0.000e+00  0.000e+00  9.998e-01  2.018e-04  1.000e+00  1.015e-15  1.000e-15  9.998e-01  2.018e-04  1.000e+00  1.015e-15  1.000e-15  0.000e+00  0.000e+00  1.000e+30
 0.0115  0.000e+00  0.000e+00  0.000e+00  0.000e+00  0.000e+00  0.000e+00  0.000e+00  9.998e-01  2.009e-04  1.000e+00  1.030e-15  1.000e-15  9.998e-01  2.009e-04  1.000e+00  1.030e-15  1.000e-15  0.000e+00  0.000e+00  1.000e+30
 0.0118  0.000e+00  0.000e+00  0.000e+00  0.000e+00  0.000e+00  0.000e+00  0.000e+00  9.998e-01  2.001e-04  1.000e+00  1.045e-15  1.000e-15  9.998e-01  2.001e-04  1.000e+00  1.045e-15  1.000e-15  0.000e+00  0.000e+00  1.000e+30
 0.0121  0.000e+00  0.000e+00  0.000e+00  0.000e+00  0.000e+00  0.000e+00  0.000e+00  9.998e-01  1.993e-04  1.000e+00  1.060e-15  1.000e-15  9.998e-01  1.993e-04  1.000e+00  1.059e-15  1.000e-15  0.000e+00  0.000e+00  1.000e+30
 0.0125  0.000e+00  0.000e+00  0.000e+00  0.000e+00  0.000e+00  0.000e+00  0.000e+00  9.998e-01  1.985e-04  1.000e+00  1.074e-15  1.000e-15  9.998e-01  1.985e-04  1.000e+00  1.074e-15  1.000e-15  0.000e+00  0.000e+00  1.000e+30
 0.0128  0.000e+00  0.000e+00  0.000e+00  0.000e+00  0.000e+00  0.000e+00  0.000e+00  9.998e-01  1.977e-04  1.000e+00  1.089e-15  1.000e-15  9.998e-01  1.977e-04  1.000e+00  1.088e-15  1.000e-15  0.000e+00  0.000e+00  1.000e+30
 0.0132  0.000e+00  0.000e+00  0.000e+00  0.000e+00  0.000e+00  0.000e+00  0.000e+00  9.998e-01  1.969e-04  1.000e+00  1.104e-15  1.000e-15  9.998e-01  1.969e-04  1.000e+00  1.103e-15  1.000e-15  0.000e+00  0.000e+00  1.000e+30
 0.0136  0.000e+00  0.000e+00  0.000e+00  0.000e+00  0.000e+00  0.000e+00  0.000e+00  9.998e-01  1.961e-04  1.000e+00  1.118e-15  1.000e-15  9.998e-01  1.961e-04  1.000e+00  1.117e-15  1.000e-15  0.000e+00  0.000e+00  1.000e+30
 0.0140  0.000e+00  0.000e+00  0.000e+00  0.000e+00  0.000e+00  0.000e+00  0.000e+00  9.998e-01  1.953e-04  1.000e+00  1.132e-15  1.000e-15  9.998e-01  1.953e-04  1.000e+00  1.131e-15  1.000e-15  0.000e+00  0.000e+00  1.000e+30
 0.0144  0.000e+00  0.000e+00  0.000e+00  0.000e+00  0.000e+00  0.000e+00  0.000e+00  9.998e-01  1.947e-04  1.000e+00  1.144e-15  1.000e-15  9.998e-01  1.947e-04  1.000e+00  1.143e-15  1.000e-15  0.000e+00  0.000e+00  1.000e+30
 0.0147  0.000e+00  0.000e+00  0.000e+00  0.000e+00  0.000e+00  0.000e+00  0.000e+00  9.998e-01  1.940e-04  1.000e+00  1.155e-15  1.000e-15  9.998e-01  1.941e-04  1.000e+00  1.154e-15  1.000e-15  0.000e+00  0.000e+00  1.000e+30
 0.0151  0.000e+00  0.000e+00  0.000e+00  0.000e+00  0.000e+00  0.000e+00  0.000e+00  9.998e-01  1.934e-04  1.000e+00  1.167e-15  1.000e-15  9.998e-01  1.935e-04  1.000e+00  1.165e-15  1.000e-15  0.000e+00  0.000e+00  1.000e+30
 0.0154  0.000e+00  0.000e+00  0.000e+00  0.000e+00  0.000e+00  0.000e+00  0.000e+00  9.998e-01  1.928e-04  1.000e+00  1.178e-15  1.000e-15  9.998e-01  1.929e-04  1.000e+00  1.177e-15  1.000e-15  0.000e+00  0.000e+00  1.000e+30
 0.0158  0.000e+00  0.000e+00  0.000e+00  0.000e+00  0.000e+00  0.000e+00  0.000e+00  9.998e-01  1.921e-04  1.000e+00  1.189e-15  1.000e-15  9.998e-01  1.922e-04  1.000e+00  1.188e-15  1.000e-15  0.000e+00  0.000e+00  1.000e+30
 0.0162  0.000e+00  0.000e+00  0.000e+00  0.000e+00  0.000e+00  0.000e+00  0.000e+00  9.998e-01  1.915e-04  1.000e+00  1.201e-15  1.000e-15  9.998e-01  1.916e-04  1.000e+00  1.199e-15  1.000e-15  0.000e+00  0.000e+00  1.000e+30
 0.0167  0.000e+00  0.000e+00  0.000e+00  0.000e+00  0.000e+00  0.000e+00  0.000e+00  9.998e-01  1.909e-04  1.000e+00  1.212e-15  1.000e-15  9.998e-01  1.910e-04  1.000e+00  1.210e-15  1.000e-15  0.000e+00  0.000e+00  1.000e+30
 0.0171  0.000e+00  0.000e+00  0.000e+00  0.000e+00  0.000e+00  0.000e+00  0.000e+00  9.998e-01  1.903e-04  1.000e+00  1.223e-15  1.000e-15  9.998e-01  1.904e-04  1.000e+00  1.221e-15  1.000e-15  0.000e+00  0.000e+00  1.000e+30
 0.0176  0.000e+00  0.000e+00  0.000e+00  0.000e+00  0.000e+00  0.000e+00  0.000e+00  9.998e-01  1.897e-04  1.000e+00  1.234e-15  1.000e-15  9.998e-01  1.898e-04  1.000e+00  1.232e-15  1.000e-15  0.000e+00  0.000e+00  1.000e+30
 0.0180  0.000e+00  0.000e+00  0.000e+00  0.000e+00  0.000e+00  0.000e+00  0.000e+00  9.998e-01  1.891e-04  1.000e+00  1.245e-15  1.000e-15  9.998e-01  1.892e-04  1.000e+00  1.243e-15  1.000e-15  0.000e+00  0.000e+00  1.000e+30
 0.0185  0.000e+00  0.000e+00  0.000e+00  0.000e+00  0.000e+00  0.000e+00  0.000e+00  9.998e-01  1.885e-04  1.000e+00  1.256e-15  1.000e-15  9.998e-01  1.886e-04  1.000e+00  1.253e-15  1.000e-15  0.000e+00  0.000e+00  1.000e+30
 0.0191  0.000e+00  0.000e+00  0.000e+00  0.000e+00  0.000e+00  0.000e+00  0.000e+00  9.998e-01  1.879e-04  1.000e+00  1.267e-15  1.000e-15  9.998e-01  1.880e-04  1.000e+00  1.264e-15  1.000e-15  0.000e+00  0.000e+00  1.000e+30
 0.0196  0.000e+00  0.000e+00  0.000e+00  0.000e+00  0.000e+00  0.000e+00  0.000e+00  9.998e-01  1.873e-04  1.000e+00  1.278e-15  1.000e-15  9.998e-01  1.874e-04  1.000e+00  1.275e-15  1.000e-15  0.000e+00  0.000e+00  1.000e+30
 0.0202  0.000e+00  0.000e+00  0.000e+00  0.000e+00  0.000e+00  0.000e+00  0.000e+00  9.998e-01  1.867e-04  1.000e+00  1.288e-15  1.000e-15  9.998e-01  1.868e-04  1.000e+00  1.285e-15  1.000e-15  0.000e+00  0.000e+00  1.000e+30
 0.0207  0.000e+00  0.000e+00  0.000e+00  1.777e-38  0.000e+00  0.000e+00  0.000e+00  9.998e-01  1.861e-04  1.000e+00  1.299e-15  1.000e-15  9.998e-01  1.862e-04  1.000e+00  1.296e-15  1.000e-15  0.000e+00  0.000e+00  1.000e+30
 0.0214  1.235e-38  2.151e-38  0.000e+00  9.731e-38  0.000e+00  0.000e+00  0.000e+00  9.998e-01  1.855e-04  1.000e+00  1.310e-15  1.000e-15  9.998e-01  1.857e-04  1.000e+00  1.306e-15  1.000e-15  0.000e+00  0.000e+00  1.000e+30
 0.0220  7.684e-38  1.340e-37  2.816e-38  4.536e-37  0.000e+00  0.000e+00  0.000e+00  9.998e-01  1.849e-04  1.000e+00  1.320e-15  1.000e-15  9.998e-01  1.851e-04  1.000e+00  1.317e-15  1.000e-15  0.000e+00  0.000e+00  1.000e+30
 0.0225  2.703e-37  4.707e-37  9.890e-38  1.548e-36  0.000e+00  0.000e+00  0.000e+00  9.998e-01  1.844e-04  1.000e+00  1.329e-15  1.000e-15  9.998e-01  1.846e-04  1.000e+00  1.325e-15  1.000e-15  0.000e+00  0.000e+00  1.000e+30
 0.0231  1.154e-36  2.013e-36  4.237e-37  5.056e-36  0.000e+00  0.000e+00  0.000e+00  9.998e-01  1.839e-04  1.000e+00  1.337e-15  1.000e-15  9.998e-01  1.842e-04  1.000e+00  1.333e-15  1.000e-15  0.000e+00  0.000e+00  1.000e+30
 0.0236  3.354e-36  5.839e-36  1.226e-36  1.613e-35  0.000e+00  0.000e+00  0.000e+00  9.998e-01  1.835e-04  1.000e+00  1.346e-15  1.000e-15  9.998e-01  1.837e-04  1.000e+00  1.342e-15  1.000e-15  0.000e+00  0.000e+00  1.000e+30
 0.0242  1.359e-35  2.365e-35  4.979e-36  5.049e-35  0.000e+00  0.000e+00  0.000e+00  9.998e-01  1.830e-04  1.000e+00  1.354e-15  1.000e-15  9.998e-01  1.832e-04  1.000e+00  1.350e-15  1.000e-15  0.000e+00  0.000e+00  1.000e+30
 0.0249  3.908e-35  6.800e-35  1.428e-35  1.554e-34  0.000e+00  0.000e+00  0.000e+00  9.998e-01  1.825e-04  1.000e+00  1.362e-15  1.000e-15  9.998e-01  1.828e-04  1.000e+00  1.358e-15  1.000e-15  0.000e+00  0.000e+00  1.000e+30
 0.0255  1.506e-34  2.622e-34  5.521e-35  4.703e-34  0.000e+00  0.000e+00  0.000e+00  9.998e-01  1.821e-04  1.000e+00  1.371e-15  1.000e-15  9.998e-01  1.823e-04  1.000e+00  1.366e-15  1.000e-15  0.000e+00  0.000e+00  1.000e+30
 0.0262  4.285e-34  7.454e-34  1.564e-34  1.400e-33  0.000e+00  0.000e+00  0.000e+00  9.998e-01  1.816e-04  1.000e+00  1.379e-15  1.000e-15  9.998e-01  1.819e-04  1.000e+00  1.374e-15  1.000e-15  0.000e+00  0.000e+00  1.000e+30
 0.0268  1.567e-33  2.729e-33  5.747e-34  4.100e-33  1.602e-38  1.579e-38  1.988e-38  9.998e-01  1.812e-04  1.000e+00  1.387e-15  1.000e-15  9.998e-01  1.815e-04  1.000e+00  1.382e-15  1.000e-15  0.000e+00  0.000e+00  1.000e+30
 0.0276  4.411e-33  7.671e-33  1.609e-33  1.180e-32  4.169e-38  4.108e-38  5.172e-38  9.998e-01  1.807e-04  1.000e+00  1.396e-15  1.000e-15  9.998e-01  1.810e-04  1.000e+00  1.390e-15  1.000e-15  0.000e+00  0.000e+00  1.000e+30
 0.0283  1.533e-32  2.671e-32  5.625e-33  3.339e-32  1.337e-37  1.319e-37  1.660e-37  9.998e-01  1.802e-04  1.000e+00  1.404e-15  1.000e-15  9.998e-01  1.806e-04  1.000e+00  1.398e-15  1.000e-15  0.000e+00  0.000e+00  1.000e+30
 0.0291  4.271e-32  7.427e-32  1.557e-32  9.296e-32  3.436e-37  3.387e-37  4.263e-37  9.998e-01  1.798e-04  1.000e+00  1.414e-15  1.000e-15  9.998e-01  1.801e-04  1.000e+00  1.408e-15  1.000e-15  0.000e+00  0.000e+00  1.000e+30
 0.0299  1.411e-31  2.454e-31  5.163e-32  2.544e-31  1.046e-36  1.030e-36  1.295e-36  9.998e-01  1.793e-04  1.000e+00  1.425e-15  1.000e-15  9.998e-01  1.797e-04  1.000e+00  1.418e-15  1.000e-15  0.000e+00  0.000e+00  1.000e+30
 0.0307  3.885e-31  6.751e-31  1.415e-31  6.844e-31  2.650e-36  2.610e-36  3.284e-36  9.998e-01  1.789e-04  1.000e+00  1.453e-15  1.000e-15  9.998e-01  1.793e-04  1.000e+00  1.446e-15  1.000e-15  0.000e+00  0.000e+00  1.000e+30
 0.0316  1.219e-30  2.122e-30  4.464e-31  1.811e-30  7.642e-36  7.529e-36  9.475e-36  9.998e-01  1.784e-04  1.000e+00  1.486e-15  1.000e-15  9.998e-01  1.788e-04  1.000e+00  1.479e-15  1.000e-15  0.000e+00  0.000e+00  1.000e+30
 0.0325  3.320e-30  5.770e-30  1.209e-30  4.711e-30  1.911e-35  1.882e-35  2.368e-35  9.998e-01  1.780e-04  1.000e+00  1.684e-15  1.000e-15  9.998e-01  1.784e-04  1.000e+00  1.677e-15  1.000e-15  0.000e+00  0.000e+00  1.000e+30
 0.0335  9.927e-30  1.730e-29  3.641e-30  1.205e-29  5.237e-35  5.165e-35  6.504e-35  9.998e-01  1.775e-04  1.000e+00  1.942e-15  1.000e-15  9.998e-01  1.780e-04  1.000e+00  1.932e-15  1.000e-15  0.000e+00  0.000e+00  1.000e+30
 0.0345  2.670e-29  4.640e-29  9.719e-30  3.030e-29  1.290e-34  1.271e-34  1.600e-34  9.998e-01  1.771e-04  1.000e+00  3.658e-15  1.000e-15  9.998e-01  1.775e-04  1.000e+00  3.659e-15  1.000e-15  0.000e+00  0.000e+00  1.000e+30
 0.0353  6.986e-29  1.216e-28  2.555e-29  6.334e-29  3.143e-34  3.098e-34  3.900e-34  9.998e-01  1.767e-04  1.000e+00  5.523e-15  1.000e-15  9.998e-01  1.772e-04  1.000e+00  5.491e-15  1.000e-15  0.000e+00  0.000e+00  1.000e+30
 0.0361  1.520e-28  2.639e-28  5.522e-29  1.300e-28  6.364e-34  6.268e-34  7.886e-34  9.998e-01  1.764e-04  1.000e+00  1.608e-14  1.000e-15  9.998e-01  1.768e-04  1.000e+00  1.616e-14  1.000e-15  0.000e+00  0.000e+00  1.000e+30
 0.0370  3.415e-28  5.945e-28  1.249e-28  2.633e-28  1.329e-33  1.310e-33  1.650e-33  9.998e-01  1.760e-04  1.000e+00  2.797e-14  1.000e-15  9.998e-01  1.765e-04  1.000e+00  2.776e-14  1.000e-15  0.000e+00  0.000e+00  1.000e+30
 0.0380  7.384e-28  1.283e-27  2.683e-28  5.265e-28  2.670e-33  2.630e-33  3.310e-33  9.998e-01  1.757e-04  1.000e+00  8.419e-14  1.000e-15  9.998e-01  1.762e-04  1.000e+00  8.473e-14  1.000e-15  0.000e+00  0.000e+00  1.000e+30
 0.0389  1.601e-27  2.790e-27  5.866e-28  1.041e-27  5.369e-33  5.299e-33  6.676e-33  9.998e-01  1.753e-04  1.000e+00  1.491e-13  1.000e-15  9.998e-01  1.758e-04  1.000e+00  1.478e-13  1.000e-15  0.000e+00  0.000e+00  1.000e+30
 0.0399  3.448e-27  5.989e-27  1.253e-27  2.035e-27  1.073e-32  1.057e-32  1.330e-32  9.998e-01  1.750e-04  1.000e+00  4.373e-13  1.000e-15  9.998e-01  1.755e-04  1.000e+00  4.407e-13  1.000e-15  0.000e+00  0.000e+00  1.000e+30
 0.0407  6.804e-27  1.187e-26  2.493e-27  3.473e-27  1.990e-32  1.966e-32  2.478e-32  9.998e-01  1.747e-04  1.000e+00  7.107e-13  1.000e-15  9.998e-01  1.752e-04  1.000e+00  7.046e-13  1.000e-15  0.000e+00  0.000e+00  1.000e+30
 0.0416  1.256e-26  2.182e-26  4.561e-27  5.867e-27  3.456e-32  3.405e-32  4.287e-32  9.998e-01  1.744e-04  1.000e+00  1.776e-12  1.000e-15  9.998e-01  1.750e-04  1.000e+00  1.789e-12  1.000e-15  0.000e+00  0.000e+00  1.000e+30
 0.0425  2.216e-26  3.868e-26  8.127e-27  9.826e-27  5.724e-32  5.658e-32  7.133e-32  9.998e-01  1.741e-04  1.000e+00  2.881e-12  1.000e-15  9.998e-01  1.747e-04  1.000e+00  2.844e-12  1.000e-15  0.000e+00  0.000e+00  1.000e+30
 0.0434  4.084e-26  7.095e-26  1.482e-26  1.633e-26  9.910e-32  9.769e-32  1.230e-31  9.998e-01  1.738e-04  1.000e+00  6.631e-12  1.000e-15  9.998e-01  1.745e-04  1.000e+00  6.662e-12  1.000e-15  0.000e+00  0.000e+00  1.000e+30
 0.0443  7.030e-26  1.227e-25  2.577e-26  2.693e-26  1.599e-31  1.581e-31  1.993e-31  9.998e-01  1.736e-04  1.000e+00  1.059e-11  1.000e-15  9.998e-01  1.742e-04  1.000e+00  1.043e-11  1.000e-15  0.000e+00  0.000e+00  1.000e+30
 0.0452  1.293e-25  2.246e-25  4.692e-26  4.408e-26  2.761e-31  2.721e-31  3.425e-31  9.998e-01  1.733e-04  1.000e+00  2.341e-11  1.000e-15  9.998e-01  1.739e-04  1.000e+00  2.353e-11  1.000e-15  0.000e+00  0.000e+00  1.000e+30
 0.0462  2.173e-25  3.790e-25  7.960e-26  7.163e-26  4.344e-31  4.293e-31  5.412e-31  9.998e-01  1.730e-04  1.000e+00  3.721e-11  1.000e-15  9.998e-01  1.737e-04  1.000e+00  3.663e-11  1.000e-15  0.000e+00  0.000e+00  1.000e+30
 0.0471  3.821e-25  6.635e-25  1.385e-25  1.054e-25  7.254e-31  7.150e-31  9.000e-31  9.998e-01  1.728e-04  1.000e+00  7.141e-11  1.000e-15  9.998e-01  1.735e-04  1.000e+00  7.173e-11  1.000e-15  0.000e+00  0.000e+00  1.000e+30
 0.0479  5.634e-25  9.831e-25  2.063e-25  1.543e-25  1.014e-30  1.002e-30  1.264e-30  9.998e-01  1.726e-04  1.000e+00  1.072e-10  1.000e-15  9.998e-01  1.733e-04  1.000e+00  1.057e-10  1.000e-15  0.000e+00  0.000e+00  1.000e+30
 0.0488  9.256e-25  1.608e-24  3.354e-25  2.246e-25  1.580e-30  1.557e-30  1.961e-30  9.998e-01  1.723e-04  1.000e+00  2.017e-10  1.000e-15  9.998e-01  1.731e-04  1.000e+00  2.029e-10  1.000e-15  0.000e+00  0.000e+00  1.000e+30
 0.0496  1.267e-21  1.669e-21  8.719e-23  5.229e-22  1.967e-27  2.359e-27  1.563e-27  9.998e-01  1.723e-04  1.000e+00  1.221e-07  1.930e-08  9.998e-01  1.729e-04  1.000e+00  2.327e-09  4.522e-11  1.011e+00  2.414e-07  1.000e+30
 0.0505  7.196e-21  9.442e-21  4.885e-22  3.054e-21  1.058e-26  1.266e-26  8.369e-27  9.998e-01  1.721e-04  1.000e+00  9.979e-08  7.653e-09  9.998e-01  1.726e-04  1.000e+00  1.917e-09  7.641e-12  3.204e+00  4.657e-07  1.000e+30
 0.0505  7.196e-21  9.442e-21  4.885e-22  3.054e-21  1.058e-26  1.266e-26  8.369e-27  9.998e-01  1.721e-04  1.000e+00  9.979e-08  7.653e-09  9.998e-01  1.726e-04  1.000e+00  1.917e-09  7.641e-12  3.204e+00  2.601e-38  1.000e+30
 0.0515  4.152e-21  5.332e-21  1.676e-22  4.230e-21  5.790e-27  6.944e-27  4.600e-27  9.998e-01  1.721e-04  1.000e+00  2.675e-07  4.520e-09  9.998e-01  1.724e-04  1.000e+00  3.418e-08  2.079e-11  5.047e+00  4.491e-07  1.000e+30
 0.0524  2.516e-20  3.221e-20  1.009e-21  1.160e-20  3.322e-26  3.973e-26  2.627e-26  9.998e-01  1.720e-04  1.000e+00  4.182e-07  1.439e-08  9.998e-01  1.723e-04  1.000e+00  6.691e-08  1.664e-10  1.466e+01  1.949e-06  1.000e+30
 0.0534  1.392e-20  1.795e-20  6.270e-22  1.472e-20  1.736e-26  2.082e-26  1.379e-26  9.998e-01  1.730e-04  1.000e+00  1.472e-06  1.426e-07  9.998e-01  1.721e-04  1.000e+00  2.205e-07  5.949e-10  2.769e+01  2.748e-06  1.000e+30
 0.0544  9.670e-21  1.227e-20  2.949e-22  1.573e-20  1.142e-26  1.366e-26  9.036e-27  9.998e-01  1.727e-04  1.000e+00  1.386e-06  2.018e-08  9.998e-01  1.720e-04  1.000e+00  2.542e-07  1.839e-10  4.159e+01  2.814e-06  1.000e+30
 0.0553  1.730e-20  2.200e-20  5.092e-22  1.814e-20  1.952e-26  2.341e-26  1.551e-26  9.998e-01  1.737e-04  1.000e+00  2.268e-06  1.996e-07  9.998e-01  1.718e-04  1.000e+00  2.723e-07  3.390e-10  6.960e+01  6.584e-06  1.000e+30
 0.0561  2.653e-20  3.298e-20  2.022e-22  2.156e-20  2.864e-26  3.426e-26  2.266e-26  9.998e-01  1.738e-04  1.000e+00  2.286e-06  3.125e-07  9.998e-01  1.716e-04  1.000e+00  2.781e-07  3.827e-10  1.207e+02  1.136e-05  1.000e+30
 0.0570  2.192e-20  2.735e-20  1.936e-22  2.390e-20  2.259e-26  2.709e-26  1.795e-26  9.998e-01  1.741e-04  1.000e+00  2.761e-06  1.586e-07  9.998e-01  1.716e-04  1.000e+00  4.013e-07  7.365e-10  1.551e+02  8.261e-06  1.000e+30
 0.0579  5.414e-20  6.730e-20  4.178e-22  3.080e-20  5.328e-26  6.373e-26  4.216e-26  9.998e-01  1.757e-04  1.000e+00  3.834e-06  4.997e-07  9.998e-01  1.715e-04  1.000e+00  5.296e-07  1.071e-09  2.255e+02  1.532e-05  1.000e+30
 0.0588  5.093e-20  6.349e-20  4.115e-22  3.678e-20  4.781e-26  5.733e-26  3.799e-26  9.998e-01  1.766e-04  1.000e+00  5.033e-06  2.671e-07  9.998e-01  1.716e-04  1.000e+00  7.683e-07  1.432e-09  3.031e+02  1.683e-05  1.000e+30
 0.0597  7.602e-20  9.440e-20  4.924e-22  4.465e-20  6.811e-26  8.147e-26  5.391e-26  9.998e-01  1.796e-04  1.000e+00  7.165e-06  6.905e-07  9.998e-01  1.717e-04  1.000e+00  1.006e-06  1.963e-09  4.304e+02  2.614e-05  1.000e+30
 0.0607  1.196e-19  1.488e-19  6.758e-22  5.874e-20  1.021e-25  1.225e-25  8.116e-26  9.998e-01  1.836e-04  1.000e+00  1.055e-05  7.466e-07  9.998e-01  1.718e-04  1.000e+00  1.385e-06  2.918e-09  6.005e+02  3.405e-05  1.000e+30
 0.0616  1.533e-19  1.899e-19  5.792e-22  7.324e-20  1.249e-25  1.494e-25  9.883e-26  9.998e-01  1.876e-04  1.000e+00  1.422e-05  8.662e-07  9.998e-01  1.722e-04  1.000e+00  2.000e-06  4.618e-09  8.131e+02  4.184e-05  1.000e+30
 0.0626  1.756e-19  2.186e-19  1.083e-21  8.999e-20  1.362e-25  1.634e-25  1.083e-25  9.998e-01  1.943e-04  1.000e+00  1.990e-05  9.380e-07  9.998e-01  1.727e-04  1.000e+00  2.815e-06  6.686e-09  1.080e+03  5.139e-05  1.000e+30
 0.0635  2.146e-19  2.660e-19  9.713e-22  1.030e-19  1.603e-25  1.916e-25  1.268e-25  9.998e-01  2.020e-04  1.000e+00  2.636e-05  1.649e-06  9.998e-01  1.734e-04  1.000e+00  3.718e-06  9.905e-09  1.404e+03  7.441e-05  1.000e+30
 0.0643  2.496e-19  3.099e-19  8.659e-22  1.190e-19  1.791e-25  2.149e-25  1.424e-25  9.998e-01  2.108e-04  1.000e+00  3.409e-05  1.665e-06  9.998e-01  1.744e-04  1.000e+00  5.074e-06  1.291e-08  1.809e+03  9.078e-05  1.000e+30
 0.0651  3.320e-19  4.107e-19  9.365e-22  1.375e-19  2.292e-25  2.741e-25  1.814e-25  9.998e-01  2.218e-04  1.000e+00  4.409e-05  2.000e-06  9.998e-01  1.756e-04  1.000e+00  6.682e-06  1.591e-08  2.256e+03  9.990e-05  1.000e+30
 0.0660  3.650e-19  4.529e-19  9.321e-22  1.583e-19  2.421e-25  2.904e-25  1.926e-25  9.998e-01  2.338e-04  9.999e-01  5.463e-05  2.363e-06  9.998e-01  1.771e-04  1.000e+00  8.557e-06  1.947e-08  2.854e+03  1.284e-04  1.000e+30
 0.0669  4.679e-19  5.788e-19  1.137e-21  1.812e-19  2.984e-25  3.569e-25  2.362e-25  9.998e-01  2.491e-04  9.999e-01  6.814e-05  2.901e-06  9.998e-01  1.788e-04  1.000e+00  1.099e-05  2.657e-08  3.642e+03  1.641e-04  1.000e+30
 0.0643  2.496e-19  3.099e-19  8.659e-22  1.190e-19  1.791e-25  2.149e-25  1.424e-25  9.998e-01  2.108e-04  1.000e+00  3.409e-05  1.665e-06  9.998e-01  1.744e-04  1.000e+00  5.074e-06  1.291e-08  1.809e+03  9.678e-36  1.000e+30
 0.0643  2.496e-19  3.099e-19  8.659e-22  1.190e-19  1.791e-25  2.149e-25  1.424e-25  9.998e-01  2.108e-04  1.000e+00  3.409e-05  1.665e-06  9.998e-01  1.744e-04  1.000e+00  5.074e-06  1.291e-08  1.809e+03  9.678e-36  1.000e+30
 0.0651  3.661e-19  4.530e-19  1.095e-21  1.404e-19  2.528e-25  3.023e-25  2.000e-25  9.998e-01  2.226e-04  1.000e+00  4.439e-05  2.152e-06  9.998e-01  1.757e-04  1.000e+00  6.704e-06  1.683e-08  2.432e+03  1.353e-04  1.000e+30
 0.0660  3.390e-19  4.207e-19  8.994e-22  1.587e-19  2.249e-25  2.697e-25  1.789e-25  9.998e-01  2.360e-04  9.999e-01  5.674e-05  2.487e-06  9.998e-01  1.775e-04  1.000e+00  9.017e-06  2.332e-08  3.033e+03  1.309e-04  1.000e+30
 0.0669  4.233e-19  5.239e-19  1.188e-21  1.782e-19  2.700e-25  3.229e-25  2.137e-25  9.998e-01  2.485e-04  9.999e-01  6.814e-05  2.764e-06  9.998e-01  1.793e-04  1.000e+00  1.147e-05  2.757e-08  3.839e+03  1.683e-04  1.000e+30
 0.0678  5.275e-19  6.548e-19  1.335e-21  2.050e-19  3.230e-25  3.876e-25  2.570e-25  9.997e-01  2.687e-04  9.999e-01  8.516e-05  3.615e-06  9.998e-01  1.816e-04  1.000e+00  1.454e-05  3.511e-08  4.851e+03  2.063e-04  1.000e+30
 0.0687  6.598e-19  8.159e-19  1.464e-21  2.336e-19  3.883e-25  4.643e-25  3.073e-25  9.997e-01  2.934e-04  9.999e-01  1.076e-04  4.523e-06  9.998e-01  1.850e-04  1.000e+00  1.879e-05  4.836e-08  6.109e+03  2.507e-04  1.000e+30
 0.0696  7.043e-19  8.745e-19  1.669e-21  2.639e-19  3.977e-25  4.773e-25  3.167e-25  9.997e-01  3.211e-04  9.999e-01  1.326e-04  5.143e-06  9.998e-01  1.895e-04  1.000e+00  2.429e-05  6.709e-08  7.681e+03  3.057e-04  1.000e+30
 0.0706  9.448e-19  1.168e-18  2.027e-21  3.003e-19  5.125e-25  6.125e-25  4.054e-25  9.996e-01  3.614e-04  9.998e-01  1.681e-04  6.399e-06  9.998e-01  1.955e-04  1.000e+00  3.173e-05  8.735e-08  9.724e+03  3.838e-04  1.000e+30
 0.0716  1.019e-18  1.266e-18  2.330e-21  3.395e-19  5.301e-25  6.365e-25  4.225e-25  9.996e-01  4.110e-04  9.998e-01  2.135e-04  8.118e-06  9.998e-01  2.044e-04  1.000e+00  4.225e-05  1.137e-07  1.235e+04  4.808e-04  1.000e+30
 0.0726  1.329e-18  1.642e-18  2.673e-21  3.846e-19  6.638e-25  7.929e-25  5.248e-25  9.995e-01  4.757e-04  9.997e-01  2.729e-04  1.028e-05  9.998e-01  2.167e-04  9.999e-01  5.677e-05  1.546e-07  1.563e+04  5.860e-04  1.000e+30
 0.0736  1.464e-18  1.819e-18  3.057e-21  4.345e-19  7.007e-25  8.418e-25  5.590e-25  9.994e-01  5.552e-04  9.996e-01  3.469e-04  1.272e-05  9.998e-01  2.331e-04  9.999e-01  7.598e-05  2.018e-07  1.967e+04  7.045e-04  1.000e+30
 0.0744  1.771e-18  2.186e-18  3.222e-21  4.755e-19  8.203e-25  9.796e-25  6.484e-25  9.994e-01  6.326e-04  9.996e-01  4.204e-04  1.435e-05  9.997e-01  2.502e-04  9.999e-01  9.647e-05  2.402e-07  2.360e+04  8.390e-04  1.000e+30
 0.0752  1.812e-18  2.250e-18  3.754e-21  5.161e-19  8.107e-25  9.735e-25  6.466e-25  9.993e-01  7.279e-04  9.995e-01  5.121e-04  1.681e-05  9.997e-01  2.720e-04  9.999e-01  1.225e-04  3.142e-07  2.822e+04  9.648e-04  1.000e+30
 0.0761  2.195e-18  2.710e-18  4.007e-21  5.606e-19  9.507e-25  1.135e-24  7.513e-25  9.992e-01  8.447e-04  9.994e-01  6.258e-04  2.024e-05  9.997e-01  3.006e-04  9.998e-01  1.566e-04  4.011e-07  3.397e+04  1.171e-03  1.000e+30
 0.0770  2.332e-18  2.895e-18  4.545e-21  6.073e-19  9.749e-25  1.170e-24  7.775e-25  9.990e-01  9.854e-04  9.992e-01  7.647e-04  2.141e-05  9.997e-01  3.379e-04  9.998e-01  2.002e-04  5.215e-07  4.065e+04  1.336e-03  1.000e+30
 0.0779  2.812e-18  3.472e-18  5.258e-21  6.591e-19  1.137e-24  1.358e-24  8.992e-25  9.988e-01  1.152e-03  9.990e-01  9.312e-04  2.756e-05  9.996e-01  3.853e-04  9.997e-01  2.563e-04  6.690e-07  4.834e+04  1.511e-03  1.000e+30
 0.0788  2.875e-18  3.572e-18  6.100e-21  7.089e-19  1.122e-24  1.347e-24  8.956e-25  9.986e-01  1.361e-03  9.988e-01  1.142e-03  3.057e-05  9.996e-01  4.463e-04  9.997e-01  3.277e-04  8.776e-07  5.734e+04  1.734e-03  1.000e+30
 0.0797  3.102e-18  3.831e-18  7.028e-21  7.540e-19  1.171e-24  1.397e-24  9.258e-25  9.984e-01  1.608e-03  9.986e-01  1.384e-03  3.946e-05  9.995e-01  5.242e-04  9.996e-01  4.187e-04  1.112e-06  7.242e+04  2.745e-03  1.000e+30
 0.0806  3.556e-18  4.421e-18  8.109e-21  8.083e-19  1.295e-24  1.555e-24  1.035e-24  9.980e-01  1.976e-03  9.982e-01  1.749e-03  4.595e-05  9.994e-01  6.390e-04  9.994e-01  5.493e-04  1.551e-06  8.527e+04  2.397e-03  1.000e+30
 0.0816  4.164e-18  5.137e-18  8.918e-21  8.665e-19  1.466e-24  1.747e-24  1.158e-24  9.976e-01  2.373e-03  9.978e-01  2.172e-03  4.851e-05  9.992e-01  7.769e-04  9.993e-01  7.128e-04  1.997e-06  1.000e+05  2.675e-03  1.000e+30
 0.0825  4.345e-18  5.405e-18  9.882e-21  9.234e-19  1.474e-24  1.772e-24  1.180e-24  9.972e-01  2.846e-03  9.973e-01  2.671e-03  5.984e-05  9.991e-01  9.499e-04  9.991e-01  9.167e-04  2.550e-06  1.173e+05  3.049e-03  1.000e+30
 0.0835  4.985e-18  6.144e-18  1.138e-20  9.824e-19  1.635e-24  1.947e-24  1.290e-24  9.966e-01  3.426e-03  9.966e-01  3.280e-03  6.976e-05  9.988e-01  1.171e-03  9.988e-01  1.177e-03  3.320e-06  1.372e+05  3.440e-03  1.000e+30
 0.0845  5.476e-18  6.814e-18  1.360e-20  1.046e-18  1.730e-24  2.080e-24  1.385e-24  9.959e-01  4.131e-03  9.959e-01  4.022e-03  8.412e-05  9.986e-01  1.450e-03  9.985e-01  1.501e-03  4.257e-06  1.605e+05  3.944e-03  1.000e+30
 0.0855  6.006e-18  7.400e-18  1.519e-20  1.094e-18  1.835e-24  2.182e-24  1.446e-24  9.948e-01  5.194e-03  9.948e-01  5.133e-03  1.020e-04  9.981e-01  1.883e-03  9.980e-01  1.996e-03  5.858e-06  1.970e+05  5.952e-03  1.000e+30
 0.0863  6.280e-18  7.815e-18  1.790e-20  1.141e-18  1.860e-24  2.234e-24  1.490e-24  9.939e-01  6.109e-03  9.938e-01  6.103e-03  1.171e-04  9.977e-01  2.283e-03  9.975e-01  2.458e-03  7.114e-06  2.222e+05  5.116e-03  1.000e+30
 0.0872  7.031e-18  8.665e-18  2.025e-20  1.191e-18  2.027e-24  2.411e-24  1.599e-24  9.928e-01  7.183e-03  9.926e-01  7.254e-03  1.310e-04  9.972e-01  2.769e-03  9.970e-01  3.020e-03  8.702e-06  2.504e+05  5.627e-03  1.000e+30
 0.0880  7.460e-18  9.280e-18  2.319e-20  1.241e-18  2.086e-24  2.503e-24  1.669e-24  9.916e-01  8.432e-03  9.913e-01  8.595e-03  1.489e-04  9.966e-01  3.362e-03  9.963e-01  3.698e-03  1.065e-05  2.815e+05  6.112e-03  1.000e+30
 0.0889  8.093e-18  9.965e-18  2.609e-20  1.291e-18  2.201e-24  2.615e-24  1.734e-24  9.901e-01  9.917e-03  9.896e-01  1.018e-02  1.713e-04  9.959e-01  4.082e-03  9.955e-01  4.522e-03  1.305e-05  3.165e+05  6.737e-03  1.000e+30
 0.0898  8.466e-18  1.052e-17  2.995e-20  1.339e-18  2.233e-24  2.676e-24  1.785e-24  9.884e-01  1.164e-02  9.878e-01  1.203e-02  1.986e-04  9.950e-01  4.959e-03  9.945e-01  5.515e-03  1.599e-05  3.555e+05  7.385e-03  1.000e+30
 0.0906  9.179e-18  1.130e-17  3.374e-20  1.388e-18  2.354e-24  2.794e-24  1.854e-24  9.863e-01  1.368e-02  9.856e-01  1.421e-02  2.241e-04  9.940e-01  6.027e-03  9.933e-01  6.720e-03  1.969e-05  3.995e+05  8.168e-03  1.000e+30
 0.0915  9.861e-18  1.226e-17  3.883e-20  1.437e-18  2.451e-24  2.936e-24  1.959e-24  9.839e-01  1.611e-02  9.830e-01  1.679e-02  2.566e-04  9.927e-01  7.339e-03  9.918e-01  8.185e-03  2.431e-05  4.486e+05  8.949e-03  1.000e+30
 0.0925  1.064e-17  1.310e-17  4.371e-20  1.487e-18  2.573e-24  3.051e-24  2.026e-24  9.810e-01  1.899e-02  9.799e-01  1.985e-02  2.938e-04  9.911e-01  8.949e-03  9.900e-01  9.973e-03  3.015e-05  5.036e+05  9.839e-03  1.000e+30
 0.0934  1.125e-17  1.399e-17  5.017e-20  1.535e-18  2.634e-24  3.155e-24  2.108e-24  9.776e-01  2.240e-02  9.762e-01  2.347e-02  3.240e-04  9.891e-01  1.093e-02  9.878e-01  1.215e-02  3.740e-05  5.640e+05  1.064e-02  1.000e+30
 0.0943  1.198e-17  1.474e-17  5.633e-20  1.582e-18  2.729e-24  3.231e-24  2.147e-24  9.736e-01  2.640e-02  9.719e-01  2.772e-02  3.733e-04  9.867e-01  1.333e-02  9.852e-01  1.480e-02  4.627e-05  6.320e+05  1.174e-02  1.000e+30
 0.0953  1.313e-17  1.635e-17  6.531e-20  1.631e-18  2.896e-24  3.467e-24  2.320e-24  9.688e-01  3.116e-02  9.668e-01  3.273e-02  4.335e-04  9.837e-01  1.628e-02  9.819e-01  1.801e-02  5.728e-05  7.072e+05  1.276e-02  1.000e+30
 0.0960  1.370e-17  1.687e-17  7.359e-20  1.662e-18  2.964e-24  3.506e-24  2.332e-24  9.647e-01  3.531e-02  9.624e-01  3.715e-02  4.711e-04  9.811e-01  1.894e-02  9.790e-01  2.095e-02  6.694e-05  7.650e+05  1.369e-02  1.000e+30
 0.0967  1.458e-17  1.816e-17  8.316e-20  1.694e-18  3.081e-24  3.685e-24  2.468e-24  9.601e-01  3.993e-02  9.574e-01  4.209e-02  5.236e-04  9.780e-01  2.195e-02  9.757e-01  2.426e-02  7.823e-05  8.278e+05  1.464e-02  1.000e+30
 0.0974  1.512e-17  1.861e-17  9.002e-20  1.724e-18  3.132e-24  3.703e-24  2.465e-24  9.548e-01  4.518e-02  9.517e-01  4.770e-02  5.794e-04  9.745e-01  2.549e-02  9.718e-01  2.814e-02  9.161e-05  8.953e+05  1.557e-02  1.000e+30
 0.0981  1.594e-17  1.986e-17  1.016e-19  1.752e-18  3.226e-24  3.857e-24  2.586e-24  9.489e-01  5.109e-02  9.454e-01  5.396e-02  6.391e-04  9.705e-01  2.954e-02  9.674e-01  3.252e-02  1.074e-04  9.676e+05  1.646e-02  1.000e+30
 0.0988  1.654e-17  2.037e-17  1.083e-19  1.781e-18  3.282e-24  3.877e-24  2.584e-24  9.422e-01  5.782e-02  9.382e-01  6.110e-02  6.940e-04  9.657e-01  3.429e-02  9.622e-01  3.768e-02  1.257e-04  1.045e+06  1.735e-02  1.000e+30
 0.0995  1.784e-17  2.225e-17  1.229e-19  1.809e-18  3.456e-24  4.132e-24  2.775e-24  9.346e-01  6.543e-02  9.301e-01  6.910e-02  7.726e-04  9.603e-01  3.974e-02  9.563e-01  4.352e-02  1.470e-04  1.128e+06  1.847e-02  1.000e+30
 0.1002  1.851e-17  2.281e-17  1.304e-19  1.837e-18  3.517e-24  4.153e-24  2.771e-24  9.259e-01  7.413e-02  9.209e-01  7.823e-02  8.465e-04  9.538e-01  4.618e-02  9.494e-01  5.041e-02  1.722e-04  1.217e+06  2.835e-33  4.487e+02
 0.1010  1.792e-17  2.266e-17  1.431e-19  1.852e-18  3.315e-24  4.012e-24  2.724e-24  9.156e-01  8.438e-02  9.091e-01  8.993e-02  1.013e-03  9.460e-01  5.401e-02  9.403e-01  5.948e-02  2.020e-04  1.377e+06  3.269e-02  4.239e+02
 0.1017  2.021e-17  2.536e-17  1.688e-19  1.874e-18  3.662e-24  4.397e-24  2.969e-24  9.014e-01  9.861e-02  8.953e-01  1.037e-01  1.083e-03  9.353e-01  6.472e-02  9.296e-01  7.015e-02  2.577e-04  1.490e+06  2.435e-02  3.742e+02
 0.1025  2.269e-17  2.874e-17  1.724e-19  1.898e-18  4.016e-24  4.868e-24  3.307e-24  8.871e-01  1.129e-01  8.793e-01  1.196e-01  1.170e-03  9.239e-01  7.614e-02  9.168e-01  8.294e-02  3.037e-04  1.597e+06  2.310e-02  2.944e+02
 0.1025  2.269e-17  2.874e-17  1.724e-19  1.898e-18  4.016e-24  4.868e-24  3.307e-24  8.871e-01  1.129e-01  8.793e-01  1.196e-01  1.170e-03  9.239e-01  7.614e-02  9.168e-01  8.294e-02  3.037e-04  1.597e+06  3.565e-33  2.944e+02
 0.1032  2.117e-17  2.670e-17  2.096e-19  1.911e-18  3.668e-24  4.416e-24  2.998e-24  8.721e-01  1.279e-01  8.640e-01  1.346e-01  1.408e-03  9.114e-01  8.864e-02  9.039e-01  9.571e-02  3.523e-04  1.792e+06  3.844e-02  2.484e+02
 0.1040  2.542e-17  3.224e-17  2.117e-19  1.931e-18  4.303e-24  5.215e-24  3.553e-24  8.508e-01  1.492e-01  8.417e-01  1.568e-01  1.509e-03  8.942e-01  1.058e-01  8.857e-01  1.138e-01  4.425e-04  1.927e+06  2.833e-02  2.021e+02
 0.1048  2.660e-17  3.371e-17  2.577e-19  1.952e-18  4.406e-24  5.328e-24  3.628e-24  8.301e-01  1.699e-01  8.210e-01  1.774e-01  1.609e-03  8.761e-01  1.239e-01  8.673e-01  1.322e-01  5.168e-04  2.058e+06  2.720e-02  1.957e+02
 0.1056  3.037e-17  3.861e-17  2.604e-19  1.971e-18  4.914e-24  5.966e-24  4.076e-24  8.080e-01  1.920e-01  7.971e-01  2.011e-01  1.799e-03  8.567e-01  1.433e-01  8.465e-01  1.530e-01  5.973e-04  2.200e+06  2.874e-02  1.892e+02
 0.1056  3.037e-17  3.861e-17  2.604e-19  1.971e-18  4.914e-24  5.966e-24  4.076e-24  8.080e-01  1.920e-01  7.971e-01  2.011e-01  1.799e-03  8.567e-01  1.433e-01  8.465e-01  1.530e-01  5.973e-04  2.200e+06  4.654e-33  1.892e+02
 0.1063  2.898e-17  3.702e-17  3.130e-19  1.983e-18  4.583e-24  5.575e-24  3.825e-24  7.834e-01  2.166e-01  7.724e-01  2.254e-01  2.119e-03  8.343e-01  1.657e-01  8.237e-01  1.756e-01  6.927e-04  2.452e+06  4.718e-02  1.801e+02
 0.1071  3.656e-17  4.659e-17  3.210e-19  2.001e-18  5.654e-24  6.875e-24  4.715e-24  7.506e-01  2.494e-01  7.394e-01  2.583e-01  2.258e-03  8.051e-01  1.949e-01  7.942e-01  2.049e-01  8.627e-04  2.623e+06  3.427e-02  1.406e+02
 0.1080  3.817e-17  4.927e-17  3.852e-19  2.019e-18  5.758e-24  7.081e-24  4.894e-24  7.194e-01  2.806e-01  7.082e-01  2.894e-01  2.458e-03  7.755e-01  2.245e-01  7.639e-01  2.351e-01  1.002e-03  2.792e+06  3.322e-02  1.258e+02
 0.1088  4.709e-17  6.036e-17  4.019e-19  2.037e-18  6.954e-24  8.499e-24  5.860e-24  6.872e-01  3.128e-01  6.751e-01  3.222e-01  2.788e-03  7.446e-01  2.554e-01  7.324e-01  2.664e-01  1.155e-03  2.975e+06  3.529e-02  1.215e+02
 0.1096  4.746e-17  6.238e-17  4.796e-19  2.053e-18  6.819e-24  8.531e-24  5.976e-24  6.524e-01  3.476e-01  6.406e-01  3.563e-01  3.045e-03  7.103e-01  2.897e-01  6.978e-01  3.009e-01  1.335e-03  3.174e+06  3.738e-02  1.155e+02
 0.1105  6.133e-17  7.937e-17  5.123e-19  2.067e-18  8.637e-24  1.065e-23  7.408e-24  6.159e-01  3.841e-01  6.041e-01  3.926e-01  3.332e-03  6.738e-01  3.262e-01  6.613e-01  3.371e-01  1.548e-03  3.383e+06  3.896e-02  8.516e+01
 0.1113  6.267e-17  8.464e-17  6.069e-19  2.082e-18  8.556e-24  1.099e-23  7.856e-24  5.776e-01  4.224e-01  5.663e-01  4.300e-01  3.710e-03  6.344e-01  3.656e-01  6.218e-01  3.764e-01  1.791e-03  3.608e+06  4.101e-02  7.823e+01
 0.1122  8.426e-17  1.110e-16  6.593e-19  2.094e-18  1.130e-23  1.417e-23  9.994e-24  5.383e-01  4.617e-01  5.275e-01  4.684e-01  4.108e-03  5.933e-01  4.067e-01  5.812e-01  4.167e-01  2.073e-03  3.846e+06  4.292e-02  6.740e+01
 0.1130  8.872e-17  1.246e-16  7.759e-19  2.106e-18  1.148e-23  1.532e-23  1.128e-23  4.980e-01  5.020e-01  4.881e-01  5.074e-01  4.569e-03  5.501e-01  4.499e-01  5.381e-01  4.595e-01  2.392e-03  4.098e+06  4.484e-02  3.564e+01
 0.1139  3.343e-16  4.493e-16  8.682e-19  2.300e-18  4.253e-23  5.499e-23  3.870e-23  4.588e-01  5.412e-01  4.492e-01  5.456e-01  5.149e-03  5.060e-01  4.940e-01  4.949e-01  5.023e-01  2.754e-03  4.325e+06  4.126e-02  2.948e+01
 0.1148  3.654e-16  5.306e-16  1.004e-18  2.485e-18  4.469e-23  6.236e-23  4.631e-23  4.230e-01  5.770e-01  4.135e-01  5.808e-01  5.638e-03  4.647e-01  5.353e-01  4.533e-01  5.436e-01  3.077e-03  4.540e+06  3.854e-02  2.941e+01
 0.1157  5.369e-16  7.232e-16  1.084e-18  2.665e-18  6.515e-23  8.444e-23  5.961e-23  3.879e-01  6.121e-01  3.792e-01  6.147e-01  6.129e-03  4.238e-01  5.762e-01  4.133e-01  5.832e-01  3.445e-03  4.772e+06  4.056e-02  2.765e+01
 0.1166  6.383e-16  8.720e-16  1.209e-18  2.837e-18  7.544e-23  9.915e-23  7.069e-23  3.531e-01  6.469e-01  3.452e-01  6.482e-01  6.628e-03  3.824e-01  6.176e-01  3.723e-01  6.238e-01  3.863e-03  5.019e+06  4.241e-02  2.739e+01
 0.1175  9.791e-16  1.148e-15  1.322e-18  3.005e-18  1.163e-22  1.313e-22  8.562e-23  3.194e-01  6.806e-01  3.127e-01  6.801e-01  7.186e-03  3.418e-01  6.582e-01  3.330e-01  6.627e-01  4.335e-03  5.281e+06  4.425e-02  2.550e+01
 0.1185  1.287e-15  1.311e-15  1.467e-18  3.165e-18  1.526e-22  1.498e-22  9.146e-23  2.867e-01  7.133e-01  2.813e-01  7.108e-01  7.816e-03  3.018e-01  6.982e-01  2.938e-01  7.013e-01  4.866e-03  5.558e+06  4.594e-02  2.471e+01
 0.1194  2.118e-15  1.744e-15  1.629e-18  3.320e-18  2.522e-22  1.999e-22  1.128e-22  2.559e-01  7.441e-01  2.520e-01  7.395e-01  8.489e-03  2.635e-01  7.365e-01  2.570e-01  7.375e-01  5.459e-03  5.853e+06  4.807e-02  2.372e+01
 0.1204  2.874e-15  2.170e-15  1.814e-18  3.470e-18  3.373e-22  2.450e-22  1.348e-22  2.269e-01  7.731e-01  2.244e-01  7.664e-01  9.212e-03  2.268e-01  7.732e-01  2.216e-01  7.723e-01  6.122e-03  6.164e+06  4.997e-02  2.293e+01
 0.1213  4.286e-15  3.138e-15  2.032e-18  3.612e-18  4.926e-22  3.470e-22  1.894e-22  2.001e-01  7.999e-01  1.991e-01  7.909e-01  1.001e-02  1.925e-01  8.075e-01  1.888e-01  8.043e-01  6.858e-03  6.493e+06  5.194e-02  2.224e+01
 0.1223  5.223e-15  4.488e-15  2.250e-18  3.749e-18  5.757e-22  4.764e-22  2.733e-22  1.755e-01  8.245e-01  1.759e-01  8.132e-01  1.087e-02  1.607e-01  8.393e-01  1.583e-01  8.340e-01  7.674e-03  6.841e+06  5.416e-02  2.176e+01
 0.1233  8.035e-15  7.180e-15  2.518e-18  3.887e-18  8.604e-22  7.407e-22  4.295e-22  1.533e-01  8.467e-01  1.552e-01  8.330e-01  1.180e-02  1.318e-01  8.682e-01  1.306e-01  8.608e-01  8.574e-03  7.211e+06  5.665e-02  2.146e+01
 0.1243  1.082e-14  1.045e-14  2.759e-18  4.019e-18  1.120e-21  1.043e-21  6.171e-22  1.333e-01  8.667e-01  1.364e-01  8.508e-01  1.282e-02  1.057e-01  8.943e-01  1.056e-01  8.848e-01  9.583e-03  7.598e+06  5.837e-02  2.118e+01
 0.1253  1.701e-14  1.518e-14  3.069e-18  4.145e-18  1.735e-21  1.495e-21  8.445e-22  1.159e-01  8.841e-01  1.193e-01  8.668e-01  1.393e-02  8.270e-02  9.173e-01  8.257e-02  9.068e-01  1.068e-02  8.008e+06  6.096e-02  2.086e+01
 0.1263  3.030e-14  2.349e-14  3.378e-18  4.266e-18  3.070e-21  2.303e-21  1.190e-21  8.169e-02  9.183e-01  8.694e-02  8.979e-01  1.514e-02  4.317e-02  9.568e-01  4.668e-02  9.414e-01  1.190e-02  8.440e+06  6.315e-02  1.791e+01
 0.1274  4.744e-14  3.409e-14  3.773e-18  4.383e-18  4.744e-21  3.310e-21  1.602e-21  5.502e-02  9.450e-01  6.248e-02  9.211e-01  1.640e-02  1.201e-02  9.880e-01  1.683e-02  9.699e-01  1.324e-02  8.897e+06  6.579e-02  1.482e+01
 0.1282  6.418e-14  3.967e-14  4.059e-18  4.464e-18  6.446e-21  3.826e-21  1.814e-21  4.340e-02  9.566e-01  4.984e-02  9.326e-01  1.757e-02  2.405e-03  9.976e-01  4.884e-03  9.807e-01  1.443e-02  9.274e+06  6.751e-02  1.205e+01
 0.1290  8.200e-14  4.624e-14  4.392e-18  4.543e-18  8.187e-21  4.418e-21  2.035e-21  3.926e-02  9.607e-01  4.509e-02  9.362e-01  1.875e-02  6.518e-04  9.993e-01  1.575e-03  9.827e-01  1.569e-02  9.671e+06  6.973e-02  1.037e+01
 0.1299  9.820e-14  5.317e-14  4.640e-18  4.619e-18  9.658e-21  5.006e-21  2.264e-21  3.740e-02  9.626e-01  4.320e-02  9.368e-01  1.996e-02  4.569e-04  9.995e-01  8.781e-04  9.821e-01  1.702e-02  1.009e+07  7.209e-02  9.276e+00
 0.1308  1.130e-13  5.986e-14  4.998e-18  4.690e-18  1.093e-20  5.536e-21  2.486e-21  3.643e-02  9.636e-01  4.232e-02  9.364e-01  2.129e-02  3.820e-04  9.996e-01  6.961e-04  9.809e-01  1.842e-02  1.052e+07  7.410e-02  8.515e+00
 0.1316  1.263e-13  6.721e-14  5.274e-18  4.759e-18  1.195e-20  6.105e-21  2.718e-21  3.586e-02  9.641e-01  4.189e-02  9.355e-01  2.259e-02  3.327e-04  9.997e-01  6.091e-04  9.795e-01  1.990e-02  1.096e+07  7.597e-02  7.943e+00
 0.1325  1.393e-13  7.446e-14  5.675e-18  4.824e-18  1.292e-20  6.632e-21  2.945e-21  3.551e-02  9.645e-01  4.152e-02  9.345e-01  2.400e-02  2.973e-04  9.997e-01  5.393e-04  9.780e-01  2.145e-02  1.143e+07  7.868e-02  7.494e+00
 0.1334  1.528e-13  8.183e-14  5.984e-18  4.887e-18  1.392e-20  7.148e-21  3.167e-21  3.528e-02  9.647e-01  4.127e-02  9.332e-01  2.553e-02  2.686e-04  9.997e-01  4.841e-04  9.764e-01  2.310e-02  1.192e+07  8.064e-02  7.087e+00
 0.1343  1.657e-13  8.956e-14  6.435e-18  4.945e-18  1.478e-20  7.671e-21  3.389e-21  3.513e-02  9.649e-01  4.115e-02  9.318e-01  2.703e-02  2.439e-04  9.998e-01  4.369e-04  9.747e-01  2.482e-02  1.243e+07  8.307e-02  6.718e+00
 0.1352  1.790e-13  9.700e-14  6.785e-18  5.001e-18  1.566e-20  8.140e-21  3.600e-21  3.505e-02  9.650e-01  4.102e-02  9.303e-01  2.868e-02  2.234e-04  9.998e-01  3.960e-04  9.730e-01  2.665e-02  1.296e+07  1.768e-32  6.400e+00
 0.1361  1.938e-13  1.056e-13  7.290e-18  5.054e-18  1.665e-20  8.698e-21  3.820e-21  3.501e-02  9.650e-01  4.100e-02  9.287e-01  3.030e-02  2.054e-04  9.998e-01  3.616e-04  9.711e-01  2.857e-02  1.351e+07  8.768e-02  6.100e+00
 0.1370  2.092e-13  1.137e-13  7.685e-18  5.103e-18  1.765e-20  9.179e-21  4.028e-21  3.493e-02  9.651e-01  4.090e-02  9.270e-01  3.209e-02  1.885e-04  9.998e-01  3.289e-04  9.691e-01  3.061e-02  1.408e+07  9.012e-02  5.798e+00
 0.1380  2.251e-13  1.317e-13  8.259e-18  5.154e-18  1.849e-20  1.057e-20  4.391e-21  3.495e-02  9.651e-01  4.107e-02  9.250e-01  3.388e-02  1.731e-04  9.998e-01  3.015e-04  9.670e-01  3.274e-02  1.468e+07  9.315e-02  5.527e+00
 0.1389  2.404e-13  1.490e-13  8.706e-18  5.202e-18  1.923e-20  1.172e-20  4.777e-21  3.474e-02  9.653e-01  4.067e-02  9.235e-01  3.587e-02  1.591e-04  9.998e-01  2.598e-04  9.647e-01  3.504e-02  1.530e+07  9.560e-02  5.270e+00
 0.1399  2.546e-13  1.663e-13  9.342e-18  5.247e-18  1.985e-20  1.280e-20  5.174e-21  3.480e-02  9.652e-01  4.059e-02  9.215e-01  3.787e-02  1.470e-04  9.999e-01  2.281e-04  9.623e-01  3.745e-02  1.594e+07  9.794e-02  5.042e+00
 0.1408  2.714e-13  1.814e-13  9.849e-18  5.289e-18  2.076e-20  1.362e-20  5.538e-21  3.486e-02  9.651e-01  4.049e-02  9.196e-01  3.994e-02  1.370e-04  9.999e-01  2.024e-04  9.598e-01  4.001e-02  1.661e+07  1.004e-01  4.837e+00
 0.1418  2.871e-13  1.974e-13  1.056e-17  5.328e-18  2.145e-20  1.449e-20  5.901e-21  3.474e-02  9.653e-01  4.034e-02  9.173e-01  4.237e-02  1.267e-04  9.999e-01  1.830e-04  9.571e-01  4.270e-02  1.731e+07  1.034e-01  4.627e+00
 0.1428  3.057e-13  2.114e-13  1.114e-17  5.364e-18  2.244e-20  1.515e-20  6.227e-21  3.485e-02  9.651e-01  4.038e-02  9.150e-01  4.461e-02  1.181e-04  9.999e-01  1.656e-04  9.543e-01  4.556e-02  1.803e+07  1.059e-01  4.436e+00
 0.1438  3.239e-13  2.280e-13  1.193e-17  5.396e-18  2.325e-20  1.602e-20  6.564e-21  3.486e-02  9.651e-01  4.043e-02  9.124e-01  4.717e-02  1.092e-04  9.999e-01  1.520e-04  9.513e-01  4.857e-02  1.879e+07  1.087e-01  4.235e+00
 0.1448  3.444e-13  2.423e-13  1.259e-17  5.425e-18  2.430e-20  1.663e-20  6.861e-21  3.498e-02  9.650e-01  4.052e-02  9.097e-01  4.973e-02  1.016e-04  9.999e-01  1.384e-04  9.481e-01  5.178e-02  1.957e+07  1.116e-01  4.057e+00
 0.1458  3.635e-13  2.553e-13  1.337e-17  5.448e-18  2.512e-20  1.713e-20  7.124e-21  3.483e-02  9.652e-01  4.053e-02  9.071e-01  5.241e-02  9.391e-05  9.999e-01  1.274e-04  9.447e-01  5.515e-02  2.037e+07  1.137e-01  3.878e+00
 0.1468  3.841e-13  2.572e-13  1.420e-17  5.466e-18  2.621e-20  1.671e-20  7.236e-21  3.501e-02  9.650e-01  4.056e-02  9.041e-01  5.537e-02  8.754e-05  9.999e-01  1.183e-04  9.412e-01  5.870e-02  2.120e+07  1.164e-01  3.715e+00
 0.1478  4.125e-13  2.609e-13  1.509e-17  5.481e-18  2.795e-20  1.656e-20  7.312e-21  3.523e-02  9.648e-01  4.092e-02  9.008e-01  5.825e-02  8.159e-05  9.999e-01  1.141e-04  9.374e-01  6.245e-02  2.207e+07  1.190e-01  3.559e+00
 0.1487  4.339e-13  2.648e-13  1.598e-17  5.488e-18  2.906e-20  1.655e-20  7.357e-21  3.512e-02  9.649e-01  4.106e-02  8.982e-01  6.075e-02  7.489e-05  9.999e-01  1.094e-04  9.342e-01  6.564e-02  2.278e+07  1.220e-01  3.389e+00
 0.1495  4.563e-13  2.710e-13  1.678e-17  5.496e-18  3.018e-20  1.672e-20  7.414e-21  3.518e-02  9.648e-01  4.129e-02  8.954e-01  6.334e-02  7.027e-05  9.999e-01  1.053e-04  9.309e-01  6.901e-02  2.352e+07  1.244e-01  3.263e+00
 0.1504  4.790e-13  2.794e-13  1.762e-17  5.501e-18  3.122e-20  1.703e-20  7.485e-21  3.523e-02  9.648e-01  4.150e-02  8.923e-01  6.616e-02  6.591e-05  9.999e-01  1.007e-04  9.274e-01  7.255e-02  2.428e+07  1.269e-01  3.135e+00
 0.1512  5.013e-13  2.885e-13  1.850e-17  5.505e-18  3.216e-20  1.735e-20  7.565e-21  3.537e-02  9.646e-01  4.175e-02  8.892e-01  6.904e-02  6.186e-05  9.999e-01  9.569e-05  9.236e-01  7.626e-02  2.506e+07  1.291e-01  3.014e+00
 0.1521  5.278e-13  3.090e-13  1.943e-17  5.508e-18  3.332e-20  1.851e-20  7.755e-21  3.535e-02  9.646e-01  4.202e-02  8.860e-01  7.196e-02  5.822e-05  9.999e-01  9.078e-05  9.198e-01  8.015e-02  2.587e+07  1.323e-01  2.897e+00
 0.1530  5.515e-13  3.314e-13  2.040e-17  5.511e-18  3.410e-20  1.968e-20  7.983e-21  3.532e-02  9.647e-01  4.206e-02  8.828e-01  7.517e-02  5.442e-05  9.999e-01  8.341e-05  9.157e-01  8.424e-02  2.670e+07  1.339e-01  2.774e+00
 0.1538  5.742e-13  3.542e-13  2.142e-17  5.511e-18  3.478e-20  2.078e-20  8.228e-21  3.547e-02  9.645e-01  4.225e-02  8.794e-01  7.838e-02  5.121e-05  9.999e-01  7.655e-05  9.114e-01  8.853e-02  2.755e+07  1.369e-01  2.671e+00
 0.1547  5.963e-13  3.764e-13  2.249e-17  5.510e-18  3.540e-20  2.175e-20  8.476e-21  3.556e-02  9.644e-01  4.237e-02  8.758e-01  8.182e-02  4.831e-05  1.000e+00  7.044e-05  9.069e-01  9.304e-02  2.843e+07  1.387e-01  2.577e+00
 0.1556  6.198e-13  3.987e-13  2.362e-17  5.508e-18  3.613e-20  2.267e-20  8.729e-21  3.560e-02  9.644e-01  4.246e-02  8.721e-01  8.540e-02  4.569e-05  1.000e+00  6.514e-05  9.022e-01  9.776e-02  2.933e+07  1.419e-01  2.483e+00
 0.1565  6.419e-13  4.198e-13  2.479e-17  5.503e-18  3.671e-20  2.345e-20  8.972e-21  3.571e-02  9.643e-01  4.261e-02  8.682e-01  8.916e-02  4.316e-05  1.000e+00  6.036e-05  8.972e-01  1.027e-01  3.026e+07  1.436e-01  2.392e+00
 0.1574  6.655e-13  4.414e-13  2.603e-17  5.497e-18  3.740e-20  2.422e-20  9.215e-21  3.584e-02  9.642e-01  4.281e-02  8.641e-01  9.305e-02  4.092e-05  1.000e+00  5.624e-05  8.920e-01  1.079e-01  3.121e+07  1.468e-01  2.309e+00
 0.1581  6.837e-13  4.580e-13  2.725e-17  5.489e-18  3.787e-20  2.477e-20  9.400e-21  3.598e-02  9.640e-01  4.291e-02  8.608e-01  9.632e-02  3.875e-05  1.000e+00  5.247e-05  8.876e-01  1.123e-01  3.199e+07  1.489e-01  2.233e+00
 0.1556  6.198e-13  3.987e-13  2.362e-17  5.508e-18  3.613e-20  2.267e-20  8.729e-21  3.560e-02  9.644e-01  4.246e-02  8.721e-01  8.540e-02  4.569e-05  1.000e+00  6.514e-05  9.022e-01  9.776e-02  2.933e+07  3.099e-32  2.483e+00
 0.1565  6.421e-13  4.202e-13  2.479e-17  5.503e-18  3.672e-20  2.348e-20  8.975e-21  3.572e-02  9.643e-01  4.264e-02  8.682e-01  8.917e-02  4.316e-05  1.000e+00  6.036e-05  8.972e-01  1.027e-01  3.026e+07  1.436e-01  2.392e+00
 0.1574  6.651e-13  4.415e-13  2.603e-17  5.496e-18  3.736e-20  2.423e-20  9.216e-21  3.593e-02  9.641e-01  4.292e-02  8.642e-01  9.289e-02  4.090e-05  1.000e+00  5.618e-05  8.920e-01  1.079e-01  3.121e+07  1.466e-01  2.308e+00
 0.1581  6.841e-13  4.582e-13  2.724e-17  5.489e-18  3.791e-20  2.479e-20  9.401e-21  3.604e-02  9.640e-01  4.298e-02  8.608e-01  9.622e-02  3.877e-05  1.000e+00  5.246e-05  8.876e-01  1.123e-01  3.199e+07  1.487e-01  2.234e+00
 0.1589  7.038e-13  4.751e-13  2.834e-17  5.480e-18  3.848e-20  2.534e-20  9.583e-21  3.602e-02  9.640e-01  4.299e-02  8.573e-01  9.974e-02  3.714e-05  1.000e+00  4.971e-05  8.831e-01  1.169e-01  3.279e+07  1.515e-01  2.178e+00
 0.1596  7.172e-13  4.832e-13  2.946e-17  5.470e-18  3.858e-20  2.524e-20  9.701e-21  3.614e-02  9.639e-01  4.317e-02  8.537e-01  1.031e-01  3.556e-05  1.000e+00  4.714e-05  8.783e-01  1.216e-01  3.360e+07  1.526e-01  2.118e+00
 0.1604  7.346e-13  4.903e-13  3.065e-17  5.460e-18  3.906e-20  2.513e-20  9.802e-21  3.624e-02  9.638e-01  4.330e-02  8.499e-01  1.068e-01  3.435e-05  1.000e+00  4.544e-05  8.734e-01  1.266e-01  3.443e+07  1.551e-01  2.064e+00
 0.1611  7.548e-13  4.986e-13  3.188e-17  5.448e-18  3.973e-20  2.513e-20  9.895e-21  3.635e-02  9.637e-01  4.352e-02  8.458e-01  1.107e-01  3.304e-05  1.000e+00  4.387e-05  8.682e-01  1.317e-01  3.528e+07  1.573e-01  2.003e+00
 0.1619  7.753e-13  5.077e-13  3.316e-17  5.436e-18  4.034e-20  2.519e-20  9.986e-21  3.655e-02  9.634e-01  4.379e-02  8.417e-01  1.145e-01  3.169e-05  1.000e+00  4.227e-05  8.629e-01  1.370e-01  3.616e+07  1.593e-01  1.948e+00
 0.1626  7.976e-13  5.178e-13  3.451e-17  5.422e-18  4.106e-20  2.532e-20  1.007e-20  3.665e-02  9.633e-01  4.398e-02  8.374e-01  1.187e-01  3.043e-05  1.000e+00  4.069e-05  8.573e-01  1.426e-01  3.704e+07  1.612e-01  1.893e+00
 0.1634  8.213e-13  5.295e-13  3.591e-17  5.409e-18  4.180e-20  2.555e-20  1.017e-20  3.669e-02  9.633e-01  4.410e-02  8.329e-01  1.230e-01  2.914e-05  1.000e+00  3.906e-05  8.516e-01  1.484e-01  3.795e+07  1.636e-01  1.841e+00
 0.1642  8.452e-13  5.418e-13  3.737e-17  5.394e-18  4.251e-20  2.580e-20  1.026e-20  3.699e-02  9.630e-01  4.451e-02  8.284e-01  1.271e-01  2.789e-05  1.000e+00  3.742e-05  8.455e-01  1.544e-01  3.888e+07  1.661e-01  1.787e+00
 0.1650  8.690e-13  5.548e-13  3.889e-17  5.378e-18  4.315e-20  2.608e-20  1.035e-20  3.702e-02  9.630e-01  4.463e-02  8.236e-01  1.317e-01  2.670e-05  1.000e+00  3.582e-05  8.393e-01  1.607e-01  3.984e+07  1.688e-01  1.734e+00
 0.1657  8.937e-13  5.687e-13  4.049e-17  5.362e-18  4.382e-20  2.640e-20  1.045e-20  3.722e-02  9.628e-01  4.490e-02  8.187e-01  1.364e-01  2.558e-05  1.000e+00  3.425e-05  8.328e-01  1.672e-01  4.081e+07  1.709e-01  1.684e+00
 0.1665  9.204e-13  5.835e-13  4.215e-17  5.345e-18  4.459e-20  2.674e-20  1.054e-20  3.727e-02  9.627e-01  4.501e-02  8.136e-01  1.414e-01  2.451e-05  1.000e+00  3.272e-05  8.260e-01  1.740e-01  4.181e+07  1.735e-01  1.632e+00
 0.1673  9.204e-13  5.835e-13  4.215e-17  5.404e-18  4.611e-20  2.751e-20  1.079e-20  3.752e-02  9.625e-01  4.533e-02  8.083e-01  1.464e-01  2.345e-05  1.000e+00  3.124e-05  8.189e-01  1.811e-01  4.283e+07  1.761e-01  1.580e+00