# Columns:
#   1. scale factor
#   2-4. Photo rates (HI, HeI, HeII)
#   5-8. Jnu (LW, HI, HeI, HeII)
#   9-13. <XHI>, <XHII>, <XHeI>, <XHeII>, <XHeIII>, mass-weighted
#   14-18. <XHI>, <XHII>, <XHeI>, <XHeII>, <XHeIII>, volume-weighted
#   19. stellar mass density (Msun/CHIMP^3)
#   20. star formation rate density (Msun/yr/CHIMP^3)
#   21. Mean Ly-alpha flux
 0.0109  0.000e+00  0.000e+00  0.000e+00  0.000e+00  0.000e+00  0.000e+00  0.000e+00  9.998e-01  2.026e-04  1.000e+00  0.000e+00  0.000e+00  9.998e-01  2.026e-04  1.000e+00  0.000e+00  0.000e+00  0.000e+00  0.000e+00  1.000e+30
 0.0112  0.000e+00  0.000e+00  0.000e+00  0.000e+00  0.000e+00  0.000e+00  0.000e+00  9.998e-01  2.018e-04  1.000e+00  1.015e-15  1.000e-15  9.998e-01  2.018e-04  1.000e+00  1.015e-15  1.000e-15  0.000e+00  0.000e+00  1.000e+30
 0.0115  0.000e+00  0.000e+00  0.000e+00  0.000e+00  0.000e+00  0.000e+00  0.000e+00  9.998e-01  2.009e-04  1.000e+00  1.030e-15  1.000e-15  9.998e-01  2.009e-04  1.000e+00  1.030e-15  1.000e-15  0.000e+00  0.000e+00  1.000e+30
 0.0118  0.000e+00  0.000e+00  0.000e+00  0.000e+00  0.000e+00  0.000e+00  0.000e+00  9.998e-01  2.001e-04  1.000e+00  1.045e-15  1.000e-15  9.998e-01  2.001e-04  1.000e+00  1.044e-15  1.000e-15  0.000e+00  0.000e+00  1.000e+30
 0.0121  0.000e+00  0.000e+00  0.000e+00  0.000e+00  0.000e+00  0.000e+00  0.000e+00  9.998e-01  1.993e-04  1.000e+00  1.060e-15  1.000e-15  9.998e-01  1.993e-04  1.000e+00  1.059e-15  1.000e-15  0.000e+00  0.000e+00  1.000e+30
 0.0125  0.000e+00  0.000e+00  0.000e+00  0.000e+00  0.000e+00  0.000e+00  0.000e+00  9.998e-01  1.985e-04  1.000e+00  1.074e-15  1.000e-15  9.998e-01  1.985e-04  1.000e+00  1.074e-15  1.000e-15  0.000e+00  0.000e+00  1.000e+30
 0.0128  0.000e+00  0.000e+00  0.000e+00  0.000e+00  0.000e+00  0.000e+00  0.000e+00  9.998e-01  1.977e-04  1.000e+00  1.089e-15  1.000e-15  9.998e-01  1.977e-04  1.000e+00  1.088e-15  1.000e-15  0.000e+00  0.000e+00  1.000e+30
 0.0132  0.000e+00  0.000e+00  0.000e+00  0.000e+00  0.000e+00  0.000e+00  0.000e+00  9.998e-01  1.969e-04  1.000e+00  1.103e-15  1.000e-15  9.998e-01  1.969e-04  1.000e+00  1.103e-15  1.000e-15  0.000e+00  0.000e+00  1.000e+30
 0.0136  0.000e+00  0.000e+00  0.000e+00  0.000e+00  0.000e+00  0.000e+00  0.000e+00  9.998e-01  1.961e-04  1.000e+00  1.118e-15  1.000e-15  9.998e-01  1.961e-04  1.000e+00  1.117e-15  1.000e-15  0.000e+00  0.000e+00  1.000e+30
 0.0139  0.000e+00  0.000e+00  0.000e+00  0.000e+00  0.000e+00  0.000e+00  0.000e+00  9.998e-01  1.955e-04  1.000e+00  1.129e-15  1.000e-15  9.998e-01  1.955e-04  1.000e+00  1.128e-15  1.000e-15  0.000e+00  0.000e+00  1.000e+30
 0.0142  0.000e+00  0.000e+00  0.000e+00  0.000e+00  0.000e+00  0.000e+00  0.000e+00  9.998e-01  1.948e-04  1.000e+00  1.141e-15  1.000e-15  9.998e-01  1.949e-04  1.000e+00  1.140e-15  1.000e-15  0.000e+00  0.000e+00  1.000e+30
 0.0146  0.000e+00  0.000e+00  0.000e+00  0.000e+00  0.000e+00  0.000e+00  0.000e+00  9.998e-01  1.942e-04  1.000e+00  1.152e-15  1.000e-15  9.998e-01  1.943e-04  1.000e+00  1.151e-15  1.000e-15  0.000e+00  0.000e+00  1.000e+30
 0.0150  0.000e+00  0.000e+00  0.000e+00  0.000e+00  0.000e+00  0.000e+00  0.000e+00  9.998e-01  1.936e-04  1.000e+00  1.164e-15  1.000e-15  9.998e-01  1.936e-04  1.000e+00  1.162e-15  1.000e-15  0.000e+00  0.000e+00  1.000e+30
 0.0153  0.000e+00  0.000e+00  0.000e+00  0.000e+00  0.000e+00  0.000e+00  0.000e+00  9.998e-01  1.929e-04  1.000e+00  1.175e-15  1.000e-15  9.998e-01  1.930e-04  1.000e+00  1.173e-15  1.000e-15  0.000e+00  0.000e+00  1.000e+30
 0.0157  0.000e+00  0.000e+00  0.000e+00  0.000e+00  0.000e+00  0.000e+00  0.000e+00  9.998e-01  1.923e-04  1.000e+00  1.186e-15  1.000e-15  9.998e-01  1.924e-04  1.000e+00  1.185e-15  1.000e-15  0.000e+00  0.000e+00  1.000e+30
 0.0161  0.000e+00  0.000e+00  0.000e+00  0.000e+00  0.000e+00  0.000e+00  0.000e+00  9.998e-01  1.917e-04  1.000e+00  1.197e-15  1.000e-15  9.998e-01  1.918e-04  1.000e+00  1.196e-15  1.000e-15  0.000e+00  0.000e+00  1.000e+30
 0.0166  0.000e+00  0.000e+00  0.000e+00  0.000e+00  0.000e+00  0.000e+00  0.000e+00  9.998e-01  1.911e-04  1.000e+00  1.209e-15  1.000e-15  9.998e-01  1.912e-04  1.000e+00  1.207e-15  1.000e-15  0.000e+00  0.000e+00  1.000e+30
 0.0170  0.000e+00  0.000e+00  0.000e+00  0.000e+00  0.000e+00  0.000e+00  0.000e+00  9.998e-01  1.905e-04  1.000e+00  1.220e-15  1.000e-15  9.998e-01  1.906e-04  1.000e+00  1.218e-15  1.000e-15  0.000e+00  0.000e+00  1.000e+30
 0.0175  0.000e+00  0.000e+00  0.000e+00  0.000e+00  0.000e+00  0.000e+00  0.000e+00  9.998e-01  1.899e-04  1.000e+00  1.231e-15  1.000e-15  9.998e-01  1.900e-04  1.000e+00  1.229e-15  1.000e-15  0.000e+00  0.000e+00  1.000e+30
 0.0179  0.000e+00  0.000e+00  0.000e+00  0.000e+00  0.000e+00  0.000e+00  0.000e+00  9.998e-01  1.892e-04  1.000e+00  1.242e-15  1.000e-15  9.998e-01  1.894e-04  1.000e+00  1.239e-15  1.000e-15  0.000e+00  0.000e+00  1.000e+30
 0.0184  0.000e+00  0.000e+00  0.000e+00  0.000e+00  0.000e+00  0.000e+00  0.000e+00  9.998e-01  1.886e-04  1.000e+00  1.253e-15  1.000e-15  9.998e-01  1.888e-04  1.000e+00  1.250e-15  1.000e-15  0.000e+00  0.000e+00  1.000e+30
 0.0189  0.000e+00  0.000e+00  0.000e+00  0.000e+00  0.000e+00  0.000e+00  0.000e+00  9.998e-01  1.880e-04  1.000e+00  1.264e-15  1.000e-15  9.998e-01  1.882e-04  1.000e+00  1.261e-15  1.000e-15  0.000e+00  0.000e+00  1.000e+30
 0.0195  0.000e+00  0.000e+00  0.000e+00  0.000e+00  0.000e+00  0.000e+00  0.000e+00  9.998e-01  1.874e-04  1.000e+00  1.275e-15  1.000e-15  9.998e-01  1.876e-04  1.000e+00  1.272e-15  1.000e-15  0.000e+00  0.000e+00  1.000e+30
 0.0200  0.000e+00  0.000e+00  0.000e+00  0.000e+00  0.000e+00  0.000e+00  0.000e+00  9.998e-01  1.868e-04  1.000e+00  1.285e-15  1.000e-15  9.998e-01  1.870e-04  1.000e+00  1.282e-15  1.000e-15  0.000e+00  0.000e+00  1.000e+30
 0.0206  0.000e+00  0.000e+00  0.000e+00  1.345e-38  0.000e+00  0.000e+00  0.000e+00  9.998e-01  1.862e-04  1.000e+00  1.296e-15  1.000e-15  9.998e-01  1.864e-04  1.000e+00  1.293e-15  1.000e-15  0.000e+00  0.000e+00  1.000e+30
 0.0212  0.000e+00  1.638e-38  0.000e+00  7.499e-38  0.000e+00  0.000e+00  0.000e+00  9.998e-01  1.856e-04  1.000e+00  1.307e-15  1.000e-15  9.998e-01  1.858e-04  1.000e+00  1.304e-15  1.000e-15  0.000e+00  0.000e+00  1.000e+30
 0.0218  5.133e-38  8.948e-38  1.879e-38  2.714e-37  0.000e+00  0.000e+00  0.000e+00  9.998e-01  1.851e-04  1.000e+00  1.316e-15  1.000e-15  9.998e-01  1.853e-04  1.000e+00  1.312e-15  1.000e-15  0.000e+00  0.000e+00  1.000e+30
 0.0223  1.555e-37  2.707e-37  5.687e-38  9.250e-37  0.000e+00  0.000e+00  0.000e+00  9.998e-01  1.847e-04  1.000e+00  1.324e-15  1.000e-15  9.998e-01  1.849e-04  1.000e+00  1.320e-15  1.000e-15  0.000e+00  0.000e+00  1.000e+30
 0.0228  6.750e-37  1.178e-36  2.481e-37  3.068e-36  0.000e+00  0.000e+00  0.000e+00  9.998e-01  1.842e-04  1.000e+00  1.333e-15  1.000e-15  9.998e-01  1.844e-04  1.000e+00  1.329e-15  1.000e-15  0.000e+00  0.000e+00  1.000e+30
 0.0234  2.016e-36  3.509e-36  7.368e-37  9.978e-36  0.000e+00  0.000e+00  0.000e+00  9.998e-01  1.837e-04  1.000e+00  1.341e-15  1.000e-15  9.998e-01  1.839e-04  1.000e+00  1.337e-15  1.000e-15  0.000e+00  0.000e+00  1.000e+30
 0.0240  8.311e-36  1.452e-35  3.062e-36  3.189e-35  0.000e+00  0.000e+00  0.000e+00  9.998e-01  1.832e-04  1.000e+00  1.350e-15  1.000e-15  9.998e-01  1.835e-04  1.000e+00  1.346e-15  1.000e-15  0.000e+00  0.000e+00  1.000e+30
 0.0246  2.456e-35  4.274e-35  8.970e-36  1.002e-34  0.000e+00  0.000e+00  0.000e+00  9.998e-01  1.828e-04  1.000e+00  1.358e-15  1.000e-15  9.998e-01  1.830e-04  1.000e+00  1.354e-15  1.000e-15  0.000e+00  0.000e+00  1.000e+30
 0.0252  9.613e-35  1.680e-34  3.543e-35  3.099e-34  0.000e+00  0.000e+00  0.000e+00  9.998e-01  1.823e-04  1.000e+00  1.367e-15  1.000e-15  9.998e-01  1.826e-04  1.000e+00  1.362e-15  1.000e-15  0.000e+00  0.000e+00  1.000e+30
 0.0259  2.814e-34  4.896e-34  1.027e-34  9.422e-34  0.000e+00  0.000e+00  0.000e+00  9.998e-01  1.818e-04  1.000e+00  1.375e-15  1.000e-15  9.998e-01  1.821e-04  1.000e+00  1.370e-15  1.000e-15  0.000e+00  0.000e+00  1.000e+30
 0.0266  1.042e-33  1.821e-33  3.840e-34  2.815e-33  0.000e+00  0.000e+00  1.364e-38  9.998e-01  1.814e-04  1.000e+00  1.384e-15  1.000e-15  9.998e-01  1.816e-04  1.000e+00  1.379e-15  1.000e-15  0.000e+00  0.000e+00  1.000e+30
 0.0273  3.027e-33  5.266e-33  1.104e-33  8.272e-33  2.938e-38  2.896e-38  3.646e-38  9.998e-01  1.809e-04  1.000e+00  1.392e-15  1.000e-15  9.998e-01  1.812e-04  1.000e+00  1.387e-15  1.000e-15  0.000e+00  0.000e+00  1.000e+30
 0.0281  1.064e-32  1.860e-32  3.923e-33  2.391e-32  9.515e-38  9.412e-38  1.187e-37  9.998e-01  1.804e-04  1.000e+00  1.401e-15  1.000e-15  9.998e-01  1.807e-04  1.000e+00  1.395e-15  1.000e-15  0.000e+00  0.000e+00  1.000e+30
 0.0288  3.062e-32  5.327e-32  1.117e-32  6.793e-32  2.526e-37  2.490e-37  3.135e-37  9.998e-01  1.799e-04  1.000e+00  1.411e-15  1.000e-15  9.998e-01  1.803e-04  1.000e+00  1.405e-15  1.000e-15  0.000e+00  0.000e+00  1.000e+30
 0.0296  1.021e-31  1.785e-31  3.764e-32  1.897e-31  7.743e-37  7.660e-37  9.662e-37  9.998e-01  1.795e-04  1.000e+00  1.421e-15  1.000e-15  9.998e-01  1.798e-04  1.000e+00  1.414e-15  1.000e-15  0.000e+00  0.000e+00  1.000e+30
 0.0305  2.912e-31  5.065e-31  1.061e-31  5.212e-31  2.032e-36  2.003e-36  2.522e-36  9.998e-01  1.790e-04  1.000e+00  1.444e-15  1.000e-15  9.998e-01  1.794e-04  1.000e+00  1.437e-15  1.000e-15  0.000e+00  0.000e+00  1.000e+30
 0.0314  9.225e-31  1.614e-30  3.401e-31  1.407e-30  5.904e-36  5.842e-36  7.371e-36  9.998e-01  1.785e-04  1.000e+00  1.471e-15  1.000e-15  9.998e-01  1.789e-04  1.000e+00  1.464e-15  1.000e-15  0.000e+00  0.000e+00  1.000e+30
 0.0323  2.603e-30  4.526e-30  9.481e-31  3.736e-30  1.529e-35  1.507e-35  1.898e-35  9.998e-01  1.781e-04  1.000e+00  1.624e-15  1.000e-15  9.998e-01  1.785e-04  1.000e+00  1.618e-15  1.000e-15  0.000e+00  0.000e+00  1.000e+30
 0.0332  7.839e-30  1.371e-29  2.890e-30  9.749e-30  4.214e-35  4.169e-35  5.260e-35  9.998e-01  1.776e-04  1.000e+00  1.827e-15  1.000e-15  9.998e-01  1.780e-04  1.000e+00  1.817e-15  1.000e-15  0.000e+00  0.000e+00  1.000e+30
 0.0340  2.000e-29  3.476e-29  7.271e-30  2.102e-29  1.002e-34  9.877e-35  1.244e-34  9.998e-01  1.772e-04  1.000e+00  2.927e-15  1.000e-15  9.998e-01  1.777e-04  1.000e+00  2.926e-15  1.000e-15  0.000e+00  0.000e+00  1.000e+30
 0.0349  4.680e-29  8.183e-29  1.723e-29  4.445e-29  2.180e-34  2.157e-34  2.721e-34  9.998e-01  1.769e-04  1.000e+00  4.301e-15  1.000e-15  9.998e-01  1.773e-04  1.000e+00  4.271e-15  1.000e-15  0.000e+00  0.000e+00  1.000e+30
 0.0357  1.053e-28  1.830e-28  3.827e-29  9.270e-29  4.562e-34  4.497e-34  5.662e-34  9.998e-01  1.765e-04  1.000e+00  1.141e-14  1.000e-15  9.998e-01  1.770e-04  1.000e+00  1.146e-14  1.000e-15  0.000e+00  0.000e+00  1.000e+30
 0.0366  2.379e-28  4.160e-28  8.756e-29  1.909e-28  9.567e-34  9.466e-34  1.194e-33  9.998e-01  1.761e-04  1.000e+00  1.953e-14  1.000e-15  9.998e-01  1.766e-04  1.000e+00  1.936e-14  1.000e-15  0.000e+00  0.000e+00  1.000e+30
 0.0376  5.324e-28  9.254e-28  1.935e-28  3.887e-28  1.988e-33  1.960e-33  2.468e-33  9.998e-01  1.758e-04  1.000e+00  5.895e-14  1.000e-15  9.998e-01  1.763e-04  1.000e+00  5.936e-14  1.000e-15  0.000e+00  0.000e+00  1.000e+30
 0.0385  1.163e-27  2.032e-27  4.277e-28  7.825e-28  4.021e-33  3.979e-33  5.020e-33  9.998e-01  1.754e-04  1.000e+00  1.053e-13  1.000e-15  9.998e-01  1.759e-04  1.000e+00  1.042e-13  1.000e-15  0.000e+00  0.000e+00  1.000e+30
 0.0393  2.428e-27  4.218e-27  8.811e-28  1.368e-27  7.905e-33  7.793e-33  9.812e-33  9.998e-01  1.751e-04  1.000e+00  2.739e-13  1.000e-15  9.998e-01  1.756e-04  1.000e+00  2.758e-13  1.000e-15  0.000e+00  0.000e+00  1.000e+30
 0.0401  4.406e-27  7.701e-27  1.619e-27  2.366e-27  1.347e-32  1.333e-32  1.682e-32  9.998e-01  1.748e-04  1.000e+00  4.627e-13  1.000e-15  9.998e-01  1.754e-04  1.000e+00  4.576e-13  1.000e-15  0.000e+00  0.000e+00  1.000e+30
 0.0410  8.381e-27  1.456e-26  3.042e-27  4.058e-27  2.409e-32  2.375e-32  2.990e-32  9.998e-01  1.745e-04  1.000e+00  1.151e-12  1.000e-15  9.998e-01  1.751e-04  1.000e+00  1.159e-12  1.000e-15  0.000e+00  0.000e+00  1.000e+30
 0.0418  1.485e-26  2.595e-26  5.455e-27  6.902e-27  4.003e-32  3.961e-32  4.997e-32  9.998e-01  1.742e-04  1.000e+00  1.871e-12  1.000e-15  9.998e-01  1.748e-04  1.000e+00  1.850e-12  1.000e-15  0.000e+00  0.000e+00  1.000e+30
 0.0428  2.820e-26  4.900e-26  1.023e-26  1.165e-26  7.137e-32  7.036e-32  8.859e-32  9.998e-01  1.739e-04  1.000e+00  4.370e-12  1.000e-15  9.998e-01  1.745e-04  1.000e+00  4.408e-12  1.000e-15  0.000e+00  0.000e+00  1.000e+30
 0.0437  4.877e-26  8.523e-26  1.791e-26  1.952e-26  1.156e-31  1.144e-31  1.443e-31  9.998e-01  1.736e-04  1.000e+00  7.052e-12  1.000e-15  9.998e-01  1.743e-04  1.000e+00  6.966e-12  1.000e-15  0.000e+00  0.000e+00  1.000e+30
 0.0446  9.247e-26  1.607e-25  3.356e-26  3.246e-26  2.055e-31  2.026e-31  2.551e-31  9.998e-01  1.733e-04  1.000e+00  1.593e-11  1.000e-15  9.998e-01  1.740e-04  1.000e+00  1.607e-11  1.000e-15  0.000e+00  0.000e+00  1.000e+30
 0.0454  1.494e-25  2.610e-25  5.481e-26  4.868e-26  3.146e-31  3.114e-31  3.928e-31  9.998e-01  1.731e-04  1.000e+00  2.373e-11  1.000e-15  9.998e-01  1.738e-04  1.000e+00  2.349e-11  1.000e-15  0.000e+00  0.000e+00  1.000e+30
 0.0463  2.520e-25  4.377e-25  9.135e-26  7.258e-26  5.036e-31  4.965e-31  6.252e-31  9.998e-01  1.728e-04  1.000e+00  4.710e-11  1.000e-15  9.998e-01  1.735e-04  1.000e+00  4.751e-11  1.000e-15  0.000e+00  0.000e+00  1.000e+30
 0.0471  3.731e-25  6.518e-25  1.369e-25  1.076e-25  7.059e-31  6.985e-31  8.813e-31  9.998e-01  1.726e-04  1.000e+00  7.028e-11  1.000e-15  9.998e-01  1.733e-04  1.000e+00  6.950e-11  1.000e-15  0.000e+00  0.000e+00  1.000e+30
 0.0480  6.293e-25  1.093e-24  2.281e-25  1.587e-25  1.129e-30  1.113e-30  1.401e-30  9.998e-01  1.723e-04  1.000e+00  1.325e-10  1.000e-15  9.998e-01  1.731e-04  1.000e+00  1.336e-10  1.000e-15  0.000e+00  0.000e+00  1.000e+30
 0.0488  9.168e-25  1.601e-24  3.362e-25  2.329e-25  1.555e-30  1.539e-30  1.941e-30  9.998e-01  1.721e-04  1.000e+00  1.956e-10  1.000e-15  9.998e-01  1.729e-04  1.000e+00  1.934e-10  1.000e-15  0.000e+00  0.000e+00  1.000e+30
 0.0497  1.546e-24  2.685e-24  5.601e-25  3.401e-25  2.484e-30  2.449e-30  3.084e-30  9.998e-01  1.719e-04  1.000e+00  3.590e-10  1.000e-15  9.998e-01  1.727e-04  1.000e+00  3.621e-10  1.000e-15  0.000e+00  0.000e+00  1.000e+30
 0.0507  3.468e-21  4.556e-21  2.374e-22  1.335e-21  5.059e-27  6.055e-27  4.006e-27  9.998e-01  1.716e-04  1.000e+00  5.283e-10  6.408e-12  9.998e-01  1.725e-04  1.000e+00  5.221e-10  3.311e-14  1.125e+00  2.256e-07  1.000e+30
 0.0507  3.468e-21  4.556e-21  2.374e-22  1.335e-21  5.059e-27  6.055e-27  4.006e-27  9.998e-01  1.716e-04  1.000e+00  5.283e-10  6.408e-12  9.998e-01  1.725e-04  1.000e+00  5.221e-10  3.311e-14  1.125e+00  8.401e-39  1.000e+30
 0.0516  6.572e-22  8.640e-22  4.566e-23  1.407e-21  9.064e-28  1.083e-27  7.192e-28  9.998e-01  1.719e-04  1.000e+00  5.866e-07  4.007e-10  9.998e-01  1.726e-04  1.000e+00  5.224e-07  5.741e-12  9.940e-01  0.000e+00  1.000e+30
 0.0526  3.145e-21  4.081e-21  1.613e-22  2.302e-21  4.099e-27  4.919e-27  3.262e-27  9.998e-01  1.717e-04  1.000e+00  6.224e-07  2.782e-09  9.998e-01  1.725e-04  1.000e+00  5.743e-07  1.352e-11  2.039e+00  2.091e-07  1.000e+30
 0.0534  1.523e-21  1.926e-21  3.976e-23  2.445e-21  1.901e-27  2.271e-27  1.508e-27  9.998e-01  1.720e-04  1.000e+00  1.141e-06  7.119e-09  9.998e-01  1.726e-04  1.000e+00  9.678e-07  1.317e-11  4.096e+00  5.069e-07  1.000e+30
 0.0543  2.312e-20  2.923e-20  5.314e-22  7.660e-21  2.753e-26  3.304e-26  2.189e-26  9.998e-01  1.725e-04  1.000e+00  1.661e-06  3.695e-08  9.998e-01  1.725e-04  1.000e+00  1.063e-06  1.154e-10  1.710e+01  2.948e-06  1.000e+30
 0.0551  1.886e-20  2.371e-20  3.791e-22  1.077e-20  2.145e-26  2.566e-26  1.697e-26  9.998e-01  1.731e-04  1.000e+00  2.362e-06  7.319e-08  9.998e-01  1.724e-04  1.000e+00  1.179e-06  2.842e-10  2.574e+01  2.143e-06  1.000e+30
 0.0560  1.543e-20  1.946e-20  3.079e-22  1.301e-20  1.674e-26  2.008e-26  1.331e-26  9.998e-01  1.728e-04  1.000e+00  2.331e-06  4.719e-08  9.998e-01  1.722e-04  1.000e+00  1.196e-06  1.917e-10  3.999e+01  3.230e-06  1.000e+30
 0.0569  2.332e-20  2.915e-20  3.262e-22  1.597e-20  2.414e-26  2.887e-26  1.910e-26  9.998e-01  1.734e-04  1.000e+00  2.785e-06  1.859e-07  9.998e-01  1.720e-04  1.000e+00  1.207e-06  2.862e-10  6.477e+01  5.408e-06  1.000e+30
 0.0578  4.144e-20  5.180e-20  4.144e-22  2.212e-20  4.089e-26  4.907e-26  3.253e-26  9.998e-01  1.744e-04  1.000e+00  3.589e-06  1.844e-07  9.998e-01  1.719e-04  1.000e+00  1.271e-06  4.620e-10  1.020e+02  8.008e-06  1.000e+30
 0.0587  4.624e-20  5.746e-20  3.484e-22  2.731e-20  4.352e-26  5.203e-26  3.443e-26  9.998e-01  1.753e-04  1.000e+00  4.654e-06  2.276e-07  9.998e-01  1.718e-04  1.000e+00  1.448e-06  5.937e-10  1.559e+02  1.111e-05  1.000e+30
 0.0597  5.334e-20  6.636e-20  3.138e-22  3.341e-20  4.780e-26  5.731e-26  3.799e-26  9.998e-01  1.774e-04  1.000e+00  6.294e-06  4.718e-07  9.998e-01  1.717e-04  1.000e+00  1.582e-06  7.395e-10  2.265e+02  1.432e-05  1.000e+30
 0.0607  7.522e-20  9.317e-20  3.102e-22  4.060e-20  6.422e-26  7.678e-26  5.081e-26  9.998e-01  1.782e-04  1.000e+00  6.857e-06  5.805e-07  9.998e-01  1.715e-04  1.000e+00  1.641e-06  8.357e-10  3.294e+02  2.022e-05  1.000e+30
 0.0615  8.238e-20  1.025e-19  4.476e-22  4.693e-20  6.757e-26  8.102e-26  5.372e-26  9.998e-01  1.809e-04  1.000e+00  9.038e-06  5.966e-07  9.998e-01  1.715e-04  1.000e+00  1.854e-06  1.491e-09  4.440e+02  2.701e-05  1.000e+30
 0.0623  1.176e-19  1.455e-19  3.877e-22  5.490e-20  9.273e-26  1.109e-25  7.338e-26  9.998e-01  1.822e-04  1.000e+00  1.012e-05  6.987e-07  9.998e-01  1.715e-04  1.000e+00  2.014e-06  1.618e-09  5.888e+02  3.350e-05  1.000e+30
 0.0631  1.290e-19  1.602e-19  4.320e-22  6.386e-20  9.772e-26  1.172e-25  7.774e-26  9.998e-01  1.861e-04  1.000e+00  1.357e-05  7.881e-07  9.998e-01  1.716e-04  1.000e+00  2.426e-06  2.037e-09  7.679e+02  4.076e-05  1.000e+30
 0.0640  1.756e-19  2.172e-19  4.365e-22  7.443e-20  1.278e-25  1.529e-25  1.012e-25  9.998e-01  1.926e-04  1.000e+00  1.894e-05  1.247e-06  9.998e-01  1.719e-04  1.000e+00  3.176e-06  2.528e-09  1.060e+03  6.304e-05  1.000e+30
 0.0649  1.924e-19  2.389e-19  6.011e-22  8.641e-20  1.344e-25  1.612e-25  1.069e-25  9.998e-01  2.010e-04  1.000e+00  2.690e-05  1.330e-06  9.998e-01  1.727e-04  1.000e+00  4.245e-06  7.318e-09  1.440e+03  8.064e-05  1.000e+30
 0.0658  2.354e-19  2.912e-19  5.329e-22  9.834e-20  1.580e-25  1.889e-25  1.251e-25  9.998e-01  2.083e-04  1.000e+00  3.388e-05  1.551e-06  9.998e-01  1.736e-04  1.000e+00  5.520e-06  9.718e-09  1.871e+03  8.911e-05  1.000e+30
 0.0667  2.613e-19  3.242e-19  5.381e-22  1.120e-19  1.682e-25  2.017e-25  1.339e-25  9.998e-01  2.169e-04  1.000e+00  4.095e-05  1.813e-06  9.998e-01  1.747e-04  1.000e+00  6.967e-06  1.306e-08  2.456e+03  1.179e-04  1.000e+30
 0.0676  3.731e-19  4.614e-19  7.720e-22  1.297e-19  2.305e-25  2.756e-25  1.826e-25  9.998e-01  2.296e-04  9.999e-01  5.260e-05  2.148e-06  9.998e-01  1.763e-04  1.000e+00  8.900e-06  1.895e-08  3.190e+03  1.446e-04  1.000e+30
 0.0685  3.947e-19  4.900e-19  8.824e-22  1.482e-19  2.337e-25  2.805e-25  1.862e-25  9.998e-01  2.479e-04  9.999e-01  6.886e-05  2.532e-06  9.998e-01  1.784e-04  1.000e+00  1.161e-05  2.475e-08  4.056e+03  1.680e-04  1.000e+30
 0.0695  5.546e-19  6.856e-19  1.103e-21  1.716e-19  3.150e-25  3.766e-25  2.495e-25  9.997e-01  2.697e-04  9.999e-01  8.843e-05  3.422e-06  9.998e-01  1.813e-04  1.000e+00  1.523e-05  3.430e-08  5.285e+03  2.283e-04  1.000e+30
 0.0703  5.503e-19  6.833e-19  1.269e-21  1.892e-19  3.020e-25  3.624e-25  2.407e-25  9.997e-01  2.928e-04  9.999e-01  1.100e-04  4.454e-06  9.998e-01  1.848e-04  1.000e+00  1.961e-05  4.629e-08  6.478e+03  2.722e-04  1.000e+30
 0.0711  6.909e-19  8.541e-19  1.460e-21  2.087e-19  3.667e-25  4.382e-25  2.904e-25  9.997e-01  3.218e-04  9.999e-01  1.373e-04  5.300e-06  9.998e-01  1.894e-04  1.000e+00  2.525e-05  6.116e-08  7.894e+03  3.167e-04  1.000e+30
 0.0719  6.996e-19  8.685e-19  1.435e-21  2.269e-19  3.586e-25  4.303e-25  2.859e-25  9.996e-01  3.558e-04  9.998e-01  1.705e-04  5.040e-06  9.998e-01  1.959e-04  1.000e+00  3.296e-05  8.036e-08  1.007e+04  4.689e-04  1.000e+30
 0.0724  8.563e-19  1.058e-18  1.689e-21  2.395e-19  4.309e-25  5.147e-25  3.411e-25  9.996e-01  3.826e-04  9.998e-01  1.958e-04  5.804e-06  9.998e-01  2.009e-04  1.000e+00  3.911e-05  9.492e-08  1.119e+04  4.305e-04  1.000e+30
 0.0731  9.317e-19  1.156e-18  1.868e-21  2.612e-19  4.545e-25  5.450e-25  3.620e-25  9.996e-01  4.324e-04  9.997e-01  2.434e-04  7.196e-06  9.998e-01  2.093e-04  1.000e+00  4.928e-05  1.184e-07  1.319e+04  4.819e-04  1.000e+30
 0.0739  1.063e-18  1.315e-18  2.189e-21  2.831e-19  5.033e-25  6.015e-25  3.989e-25  9.995e-01  4.802e-04  9.997e-01  2.899e-04  8.006e-06  9.998e-01  2.198e-04  9.999e-01  6.168e-05  1.422e-07  1.545e+04  5.360e-04  1.000e+30
 0.0746  1.161e-18  1.441e-18  2.559e-21  3.072e-19  5.326e-25  6.388e-25  4.245e-25  9.995e-01  5.425e-04  9.996e-01  3.494e-04  9.765e-06  9.998e-01  2.319e-04  9.999e-01  7.605e-05  1.753e-07  1.820e+04  6.364e-04  1.000e+30
 0.0754  1.325e-18  1.638e-18  2.802e-21  3.300e-19  5.899e-25  7.047e-25  4.674e-25  9.994e-01  6.298e-04  9.996e-01  4.365e-04  1.200e-05  9.997e-01  2.537e-04  9.999e-01  1.019e-04  2.642e-07  2.215e+04  8.880e-04  1.000e+30
 0.0762  1.431e-18  1.778e-18  3.199e-21  3.563e-19  6.171e-25  7.406e-25  4.926e-25  9.993e-01  7.179e-04  9.995e-01  5.251e-04  1.398e-05  9.997e-01  2.754e-04  9.999e-01  1.281e-04  3.237e-07  2.588e+04  8.299e-04  1.000e+30
 0.0770  1.669e-18  2.062e-18  3.817e-21  3.843e-19  6.979e-25  8.331e-25  5.526e-25  9.992e-01  8.263e-04  9.994e-01  6.339e-04  1.414e-05  9.997e-01  3.033e-04  9.998e-01  1.612e-04  4.094e-07  3.022e+04  9.495e-04  1.000e+30
 0.0778  1.817e-18  2.258e-18  4.376e-21  4.145e-19  7.356e-25  8.831e-25  5.878e-25  9.990e-01  9.526e-04  9.992e-01  7.602e-04  1.711e-05  9.997e-01  3.378e-04  9.998e-01  2.020e-04  5.116e-07  3.536e+04  1.098e-03  1.000e+30
 0.0786  2.198e-18  2.713e-18  5.083e-21  4.488e-19  8.634e-25  1.030e-24  6.826e-25  9.989e-01  1.101e-03  9.991e-01  9.134e-04  1.957e-05  9.996e-01  3.803e-04  9.997e-01  2.528e-04  6.424e-07  4.110e+04  1.207e-03  1.000e+30
 0.0795  2.316e-18  2.879e-18  5.878e-21  4.835e-19  8.802e-25  1.057e-24  7.038e-25  9.987e-01  1.287e-03  9.989e-01  1.103e-03  2.491e-05  9.996e-01  4.328e-04  9.997e-01  3.155e-04  8.053e-07  4.819e+04  1.451e-03  1.000e+30
 0.0803  2.595e-18  3.202e-18  6.797e-21  5.180e-19  9.568e-25  1.140e-24  7.558e-25  9.985e-01  1.505e-03  9.986e-01  1.327e-03  2.819e-05  9.995e-01  4.994e-04  9.996e-01  3.947e-04  1.033e-06  5.636e+04  1.642e-03  1.000e+30
 0.0812  2.910e-18  3.619e-18  7.957e-21  5.570e-19  1.037e-24  1.246e-24  8.299e-25  9.982e-01  1.767e-03  9.984e-01  1.600e-03  3.377e-05  9.994e-01  5.818e-04  9.995e-01  4.927e-04  1.295e-06  6.573e+04  1.851e-03  1.000e+30
 0.0820  3.291e-18  4.059e-18  9.197e-21  5.967e-19  1.138e-24  1.355e-24  8.984e-25  9.979e-01  2.075e-03  9.980e-01  1.923e-03  3.804e-05  9.993e-01  6.858e-04  9.994e-01  6.160e-04  1.631e-06  7.643e+04  2.073e-03  1.000e+30
 0.0829  3.496e-18  4.351e-18  1.077e-20  6.370e-19  1.168e-24  1.403e-24  9.353e-25  9.976e-01  2.432e-03  9.977e-01  2.306e-03  4.125e-05  9.992e-01  8.135e-04  9.992e-01  7.673e-04  2.033e-06  8.870e+04  2.333e-03  1.000e+30
 0.0838  3.853e-18  4.751e-18  1.228e-20  6.762e-19  1.248e-24  1.485e-24  9.852e-25  9.971e-01  2.868e-03  9.972e-01  2.765e-03  5.302e-05  9.990e-01  9.706e-04  9.990e-01  9.531e-04  2.550e-06  1.032e+05  2.694e-03  1.000e+30
 0.0848  4.314e-18  5.371e-18  1.462e-20  7.202e-19  1.350e-24  1.621e-24  1.082e-24  9.966e-01  3.394e-03  9.966e-01  3.320e-03  6.275e-05  9.988e-01  1.166e-03  9.988e-01  1.182e-03  3.226e-06  1.202e+05  3.082e-03  1.000e+30
 0.0857  4.765e-18  5.873e-18  1.654e-20  7.635e-19  1.446e-24  1.718e-24  1.140e-24  9.960e-01  4.030e-03  9.959e-01  3.994e-03  7.035e-05  9.986e-01  1.413e-03  9.985e-01  1.469e-03  4.111e-06  1.398e+05  3.488e-03  1.000e+30
 0.0867  5.001e-18  6.230e-18  1.954e-20  8.057e-19  1.465e-24  1.758e-24  1.175e-24  9.952e-01  4.784e-03  9.951e-01  4.797e-03  8.349e-05  9.983e-01  1.720e-03  9.982e-01  1.823e-03  5.210e-06  1.619e+05  3.866e-03  1.000e+30
 0.0876  5.624e-18  6.931e-18  2.268e-20  8.493e-19  1.596e-24  1.895e-24  1.259e-24  9.943e-01  5.690e-03  9.941e-01  5.761e-03  1.010e-04  9.979e-01  2.095e-03  9.977e-01  2.256e-03  6.549e-06  1.877e+05  4.406e-03  1.000e+30
 0.0884  5.937e-18  7.399e-18  2.655e-20  8.835e-19  1.638e-24  1.965e-24  1.314e-24  9.934e-01  6.578e-03  9.932e-01  6.712e-03  1.094e-04  9.975e-01  2.481e-03  9.973e-01  2.700e-03  7.963e-06  2.107e+05  4.853e-03  1.000e+30
 0.0892  6.490e-18  8.001e-18  2.919e-20  9.176e-19  1.746e-24  2.072e-24  1.378e-24  9.924e-01  7.607e-03  9.921e-01  7.819e-03  1.260e-04  9.971e-01  2.936e-03  9.968e-01  3.225e-03  9.601e-06  2.370e+05  5.413e-03  1.000e+30
 0.0900  6.742e-18  8.399e-18  3.347e-20  9.507e-19  1.762e-24  2.112e-24  1.413e-24  9.912e-01  8.811e-03  9.907e-01  9.105e-03  1.460e-04  9.965e-01  3.481e-03  9.961e-01  3.847e-03  1.159e-05  2.656e+05  5.827e-03  1.000e+30
 0.0909  7.407e-18  9.124e-18  3.708e-20  9.850e-19  1.888e-24  2.236e-24  1.487e-24  9.898e-01  1.020e-02  9.892e-01  1.059e-02  1.643e-04  9.959e-01  4.130e-03  9.954e-01  4.584e-03  1.397e-05  2.979e+05  6.454e-03  1.000e+30
 0.0917  7.690e-18  9.578e-18  4.227e-20  1.018e-18  1.904e-24  2.278e-24  1.526e-24  9.882e-01  1.183e-02  9.875e-01  1.233e-02  1.837e-04  9.951e-01  4.911e-03  9.945e-01  5.465e-03  1.689e-05  3.333e+05  6.972e-03  1.000e+30
 0.0925  8.337e-18  1.027e-17  4.703e-20  1.051e-18  2.012e-24  2.380e-24  1.584e-24  9.863e-01  1.371e-02  9.855e-01  1.432e-02  2.150e-04  9.942e-01  5.842e-03  9.935e-01  6.507e-03  2.042e-05  3.728e+05  7.630e-03  1.000e+30
 0.0934  8.884e-18  1.107e-17  5.414e-20  1.085e-18  2.081e-24  2.489e-24  1.668e-24  9.841e-01  1.592e-02  9.831e-01  1.667e-02  2.442e-04  9.930e-01  6.959e-03  9.922e-01  7.748e-03  2.487e-05  4.170e+05  8.386e-03  1.000e+30
 0.0943  9.413e-18  1.159e-17  6.006e-20  1.118e-18  2.150e-24  2.540e-24  1.693e-24  9.814e-01  1.855e-02  9.803e-01  1.942e-02  2.869e-04  9.917e-01  8.306e-03  9.907e-01  9.238e-03  3.028e-05  4.657e+05  9.084e-03  1.000e+30
 0.0951  9.870e-18  1.231e-17  6.881e-20  1.148e-18  2.187e-24  2.615e-24  1.756e-24  9.784e-01  2.156e-02  9.771e-01  2.261e-02  3.182e-04  9.901e-01  9.916e-03  9.890e-01  1.101e-02  3.681e-05  5.190e+05  9.802e-03  1.000e+30
 0.0960  1.055e-17  1.299e-17  7.631e-20  1.179e-18  2.279e-24  2.688e-24  1.793e-24  9.749e-01  2.509e-02  9.733e-01  2.633e-02  3.556e-04  9.882e-01  1.185e-02  9.868e-01  1.313e-02  4.469e-05  5.779e+05  1.062e-02  1.000e+30
 0.0969  1.141e-17  1.424e-17  8.798e-20  1.211e-18  2.390e-24  2.856e-24  1.921e-24  9.708e-01  2.917e-02  9.690e-01  3.062e-02  4.137e-04  9.859e-01  1.415e-02  9.843e-01  1.563e-02  5.431e-05  6.433e+05  1.159e-02  1.000e+30
 0.0979  1.193e-17  1.468e-17  9.681e-20  1.240e-18  2.437e-24  2.869e-24  1.917e-24  9.661e-01  3.392e-02  9.639e-01  3.560e-02  4.751e-04  9.831e-01  1.690e-02  9.813e-01  1.861e-02  6.610e-05  7.152e+05  1.253e-02  1.000e+30
 0.0988  1.296e-17  1.620e-17  1.127e-19  1.270e-18  2.566e-24  3.067e-24  2.068e-24  9.606e-01  3.942e-02  9.581e-01  4.134e-02  5.348e-04  9.798e-01  2.017e-02  9.778e-01  2.212e-02  8.033e-05  7.950e+05  1.364e-02  1.000e+30
 0.0997  1.359e-17  1.673e-17  1.236e-19  1.299e-18  2.621e-24  3.083e-24  2.063e-24  9.542e-01  4.579e-02  9.514e-01  4.799e-02  6.100e-04  9.759e-01  2.407e-02  9.736e-01  2.631e-02  9.770e-05  8.828e+05  1.477e-02  1.000e+30
 0.1007  1.454e-17  1.822e-17  1.450e-19  1.325e-18  2.718e-24  3.248e-24  2.197e-24  9.469e-01  5.314e-02  9.437e-01  5.563e-02  6.918e-04  9.713e-01  2.871e-02  9.686e-01  3.125e-02  1.188e-04  9.786e+05  1.586e-02  7.250e+00
 0.1007  1.454e-17  1.822e-17  1.450e-19  1.325e-18  2.718e-24  3.248e-24  2.197e-24  9.469e-01  5.314e-02  9.437e-01  5.563e-02  6.918e-04  9.713e-01  2.871e-02  9.686e-01  3.125e-02  1.188e-04  9.786e+05  2.143e-33  4.679e+02
 0.1017  1.491e-17  1.838e-17  1.583e-19  1.349e-18  2.716e-24  3.191e-24  2.142e-24  9.385e-01  6.148e-02  9.349e-01  6.432e-02  8.050e-04  9.658e-01  3.419e-02  9.628e-01  3.709e-02  1.441e-04  1.135e+06  2.446e-02  4.138e+02
 0.1025  1.615e-17  2.030e-17  1.874e-19  1.367e-18  2.866e-24  3.426e-24  2.327e-24  9.295e-01  7.054e-02  9.256e-01  7.349e-02  8.738e-04  9.598e-01  4.017e-02  9.565e-01  4.330e-02  1.757e-04  1.225e+06  1.830e-02  3.567e+02
 0.1033  1.726e-17  2.133e-17  2.008e-19  1.386e-18  3.000e-24  3.528e-24  2.375e-24  9.205e-01  7.948e-02  9.162e-01  8.288e-02  9.621e-04  9.536e-01  4.638e-02  9.498e-01  4.996e-02  2.034e-04  1.321e+06  1.935e-02  3.207e+02
 0.1041  1.850e-17  2.332e-17  2.343e-19  1.404e-18  3.131e-24  3.749e-24  2.555e-24  9.105e-01  8.946e-02  9.057e-01  9.326e-02  1.079e-03  9.465e-01  5.346e-02  9.423e-01  5.746e-02  2.360e-04  1.427e+06  2.072e-02  2.706e+02
 0.1049  1.877e-17  2.325e-17  2.478e-19  1.419e-18  3.114e-24  3.661e-24  2.473e-24  8.994e-01  1.006e-01  8.940e-01  1.048e-01  1.199e-03  9.384e-01  6.163e-02  9.337e-01  6.606e-02  2.750e-04  1.541e+06  2.196e-02  2.290e+02
 0.1057  2.061e-17  2.610e-17  2.941e-19  1.435e-18  3.327e-24  3.993e-24  2.734e-24  8.869e-01  1.131e-01  8.811e-01  1.176e-01  1.333e-03  9.290e-01  7.097e-02  9.239e-01  7.581e-02  3.203e-04  1.664e+06  2.325e-02  2.040e+02
 0.1066  2.134e-17  2.654e-17  3.104e-19  1.450e-18  3.376e-24  3.975e-24  2.697e-24  8.730e-01  1.270e-01  8.667e-01  1.319e-01  1.460e-03  9.183e-01  8.168e-02  9.127e-01  8.696e-02  3.739e-04  1.795e+06  2.453e-02  1.964e+02
 0.1074  2.365e-17  3.013e-17  3.594e-19  1.464e-18  3.638e-24  4.384e-24  3.020e-24  8.575e-01  1.425e-01  8.507e-01  1.476e-01  1.628e-03  9.061e-01  9.392e-02  9.000e-01  9.959e-02  4.361e-04  1.936e+06  2.598e-02  1.899e+02
 0.1083  2.437e-17  3.051e-17  3.881e-19  1.478e-18  3.672e-24  4.343e-24  2.965e-24  8.404e-01  1.596e-01  8.331e-01  1.651e-01  1.809e-03  8.922e-01  1.078e-01  8.856e-01  1.139e-01  5.089e-04  2.089e+06  2.761e-02  1.685e+02
 0.1091  2.717e-17  3.491e-17  4.477e-19  1.490e-18  3.979e-24  4.825e-24  3.350e-24  8.212e-01  1.788e-01  8.137e-01  1.843e-01  2.000e-03  8.764e-01  1.236e-01  8.694e-01  1.301e-01  5.942e-04  2.251e+06  2.894e-02  1.583e+02
 0.1100  2.754e-17  3.486e-17  4.905e-19  1.501e-18  3.950e-24  4.709e-24  3.245e-24  8.003e-01  1.997e-01  7.925e-01  2.053e-01  2.220e-03  8.586e-01  1.414e-01  8.512e-01  1.482e-01  6.927e-04  2.426e+06  3.075e-02  1.524e+02
 0.1109  8.061e-17  1.037e-16  5.734e-19  1.641e-18  1.122e-23  1.382e-23  9.468e-24  7.782e-01  2.218e-01  7.697e-01  2.278e-01  2.524e-03  8.388e-01  1.612e-01  8.310e-01  1.682e-01  8.075e-04  2.571e+06  2.625e-02  1.368e+02
 0.1118  8.451e-17  1.074e-16  6.136e-19  1.781e-18  1.150e-23  1.400e-23  9.521e-24  7.568e-01  2.432e-01  7.474e-01  2.498e-01  2.758e-03  8.192e-01  1.808e-01  8.106e-01  1.885e-01  9.043e-04  2.721e+06  2.654e-02  1.179e+02
 0.1127  1.018e-16  1.332e-16  6.814e-19  1.921e-18  1.345e-23  1.685e-23  1.168e-23  7.336e-01  2.664e-01  7.238e-01  2.733e-01  2.997e-03  7.979e-01  2.021e-01  7.887e-01  2.103e-01  1.021e-03  2.884e+06  2.804e-02  1.198e+02
 0.1136  1.038e-16  1.350e-16  7.512e-19  2.054e-18  1.340e-23  1.668e-23  1.152e-23  7.084e-01  2.916e-01  6.982e-01  2.986e-01  3.254e-03  7.741e-01  2.259e-01  7.644e-01  2.344e-01  1.160e-03  3.057e+06  2.929e-02  1.151e+02
 0.1146  1.265e-16  1.698e-16  8.377e-19  2.185e-18  1.584e-23  2.035e-23  1.435e-23  6.817e-01  3.183e-01  6.714e-01  3.251e-01  3.553e-03  7.486e-01  2.514e-01  7.387e-01  2.600e-01  1.321e-03  3.242e+06  3.074e-02  1.043e+02
 0.1155  1.300e-16  1.752e-16  9.304e-19  2.310e-18  1.586e-23  2.045e-23  1.447e-23  6.534e-01  3.466e-01  6.429e-01  3.532e-01  3.864e-03  7.208e-01  2.792e-01  7.106e-01  2.879e-01  1.507e-03  3.438e+06  3.196e-02  9.608e+01
 0.1165  1.619e-16  2.256e-16  1.038e-18  2.431e-18  1.914e-23  2.552e-23  1.848e-23  6.238e-01  3.762e-01  6.134e-01  3.823e-01  4.238e-03  6.912e-01  3.088e-01  6.810e-01  3.173e-01  1.722e-03  3.646e+06  3.348e-02  8.093e+01
 0.1175  1.682e-16  2.394e-16  1.163e-18  2.547e-18  1.931e-23  2.628e-23  1.932e-23  5.928e-01  4.072e-01  5.826e-01  4.128e-01  4.601e-03  6.596e-01  3.405e-01  6.492e-01  3.488e-01  1.970e-03  3.869e+06  3.516e-02  6.983e+01
 0.1182  2.088e-16  3.062e-16  1.284e-18  2.634e-18  2.335e-23  3.272e-23  2.461e-23  5.661e-01  4.339e-01  5.561e-01  4.389e-01  4.979e-03  6.314e-01  3.686e-01  6.212e-01  3.766e-01  2.198e-03  4.056e+06  3.642e-02  6.265e+01
 0.1190  2.168e-16  3.329e-16  1.413e-18  2.718e-18  2.352e-23  3.447e-23  2.687e-23  5.395e-01  4.605e-01  5.295e-01  4.652e-01  5.358e-03  6.030e-01  3.970e-01  5.927e-01  4.048e-01  2.453e-03  4.252e+06  3.777e-02  5.681e+01
 0.1198  2.752e-16  4.261e-16  1.535e-18  2.799e-18  2.921e-23  4.317e-23  3.392e-23  5.121e-01  4.879e-01  5.023e-01  4.920e-01  5.744e-03  5.731e-01  4.269e-01  5.629e-01  4.343e-01  2.740e-03  4.458e+06  3.914e-02  5.640e+01
 0.1207  2.925e-16  4.843e-16  1.696e-18  2.878e-18  2.994e-23  4.721e-23  3.930e-23  4.844e-01  5.156e-01  4.750e-01  5.188e-01  6.202e-03  5.427e-01  4.573e-01  5.327e-01  4.643e-01  3.063e-03  4.675e+06  4.063e-02  5.381e+01
 0.1215  3.754e-16  6.006e-16  1.839e-18  2.954e-18  3.796e-23  5.793e-23  4.686e-23  4.563e-01  5.437e-01  4.472e-01  5.461e-01  6.680e-03  5.110e-01  4.890e-01  5.012e-01  4.954e-01  3.426e-03  4.903e+06  4.205e-02  5.259e+01
 0.1223  4.124e-16  7.058e-16  2.028e-18  3.027e-18  4.018e-23  6.543e-23  5.628e-23  4.283e-01  5.717e-01  4.198e-01  5.730e-01  7.229e-03  4.793e-01  5.207e-01  4.698e-01  5.264e-01  3.832e-03  5.142e+06  4.348e-02  4.758e+01
 0.1231  5.364e-16  8.348e-16  2.193e-18  3.099e-18  5.242e-23  7.786e-23  6.167e-23  4.003e-01  5.997e-01  3.924e-01  5.998e-01  7.811e-03  4.467e-01  5.533e-01  4.375e-01  5.582e-01  4.287e-03  5.392e+06  4.498e-02  3.621e+01
 0.1240  6.177e-16  9.769e-16  2.408e-18  3.167e-18  5.892e-23  8.888e-23  7.141e-23  3.728e-01  6.272e-01  3.657e-01  6.259e-01  8.411e-03  4.145e-01  5.855e-01  4.059e-01  5.893e-01  4.794e-03  5.653e+06  4.646e-02  3.065e+01
 0.1248  8.156e-16  1.116e-15  2.603e-18  3.233e-18  7.865e-23  1.029e-22  7.437e-23  3.457e-01  6.543e-01  3.393e-01  6.516e-01  9.096e-03  3.820e-01  6.180e-01  3.738e-01  6.208e-01  5.360e-03  5.925e+06  4.782e-02  2.994e+01
 0.1257  1.023e-15  1.358e-15  2.853e-18  3.299e-18  9.718e-23  1.236e-22  8.762e-23  3.193e-01  6.807e-01  3.141e-01  6.762e-01  9.757e-03  3.503e-01  6.497e-01  3.430e-01  6.510e-01  5.985e-03  6.213e+06  4.969e-02  2.937e+01
 0.1266  1.405e-15  1.575e-15  3.092e-18  3.363e-18  1.347e-22  1.448e-22  9.355e-23  2.934e-01  7.066e-01  2.893e-01  7.001e-01  1.058e-02  3.186e-01  6.814e-01  3.121e-01  6.813e-01  6.688e-03  6.514e+06  5.149e-02  2.988e+01
 0.1275  1.832e-15  2.009e-15  3.387e-18  3.424e-18  1.727e-22  1.815e-22  1.162e-22  2.685e-01  7.315e-01  2.658e-01  7.228e-01  1.144e-02  2.879e-01  7.121e-01  2.827e-01  7.098e-01  7.467e-03  6.830e+06  5.311e-02  2.885e+01
 0.1284  2.461e-15  2.434e-15  3.679e-18  3.482e-18  2.307e-22  2.186e-22  1.339e-22  2.448e-01  7.552e-01  2.433e-01  7.444e-01  1.232e-02  2.580e-01  7.420e-01  2.538e-01  7.379e-01  8.329e-03  7.156e+06  5.443e-02  2.813e+01
 0.1293  3.031e-15  3.431e-15  4.034e-18  3.537e-18  2.727e-22  2.957e-22  1.926e-22  2.225e-01  7.775e-01  2.223e-01  7.644e-01  1.329e-02  2.297e-01  7.703e-01  2.270e-01  7.638e-01  9.277e-03  7.499e+06  5.633e-02  2.792e+01
 0.1302  3.851e-15  4.466e-15  4.386e-18  3.590e-18  3.378e-22  3.753e-22  2.475e-22  2.015e-01  7.985e-01  2.024e-01  7.832e-01  1.436e-02  2.026e-01  7.974e-01  2.007e-01  7.890e-01  1.033e-02  7.857e+06  5.814e-02  2.514e+01
 0.1311  4.875e-15  6.726e-15  4.790e-18  3.640e-18  4.055e-22  5.353e-22  3.868e-22  1.820e-01  8.180e-01  1.840e-01  8.005e-01  1.550e-02  1.774e-01  8.226e-01  1.766e-01  8.119e-01  1.148e-02  8.233e+06  6.017e-02  2.363e+01
 0.1317  6.040e-15  8.426e-15  5.153e-18  3.673e-18  4.940e-22  6.602e-22  4.715e-22  1.682e-01  8.318e-01  1.702e-01  8.134e-01  1.641e-02  1.588e-01  8.412e-01  1.577e-01  8.299e-01  1.237e-02  8.505e+06  6.192e-02  2.328e+01
 0.1324  7.516e-15  1.118e-14  5.476e-18  3.704e-18  5.973e-22  8.535e-22  6.126e-22  1.559e-01  8.441e-01  1.575e-01  8.252e-01  1.733e-02  1.429e-01  8.571e-01  1.407e-01  8.459e-01  1.333e-02  8.784e+06  6.308e-02  2.279e+01
 0.1330  9.496e-15  1.290e-14  5.791e-18  3.734e-18  7.580e-22  9.885e-22  6.860e-22  1.436e-01  8.564e-01  1.450e-01  8.367e-01  1.830e-02  1.261e-01  8.739e-01  1.234e-01  8.622e-01  1.436e-02  9.073e+06  6.461e-02  2.250e+01
 0.1337  1.514e-14  1.771e-14  6.194e-18  3.763e-18  1.224e-21  1.389e-21  8.369e-22  1.196e-01  8.804e-01  1.146e-01  8.660e-01  1.938e-02  9.539e-02  9.046e-01  8.727e-02  8.973e-01  1.546e-02  9.370e+06  6.592e-02  1.935e+01
 0.1344  2.539e-14  2.389e-14  6.702e-18  3.790e-18  2.100e-21  1.923e-21  1.016e-21  9.100e-02  9.090e-01  8.878e-02  8.907e-01  2.049e-02  5.581e-02  9.442e-01  5.135e-02  9.320e-01  1.668e-02  9.677e+06  6.739e-02  1.643e+01
 0.1350  3.895e-14  3.043e-14  7.093e-18  3.816e-18  3.282e-21  2.479e-21  1.203e-21  6.619e-02  9.338e-01  6.961e-02  9.087e-01  2.169e-02  2.687e-02  9.731e-01  2.843e-02  9.536e-01  1.801e-02  9.993e+06  6.877e-02  1.353e+01
 0.1357  5.798e-14  4.058e-14  7.608e-18  3.840e-18  4.961e-21  3.357e-21  1.462e-21  5.000e-02  9.500e-01  5.568e-02  9.215e-01  2.285e-02  8.944e-03  9.911e-01  1.200e-02  9.686e-01  1.943e-02  1.032e+07  7.006e-02  1.117e+01
 0.1364  7.904e-14  5.119e-14  7.956e-18  3.864e-18  6.809e-21  4.234e-21  1.741e-21  4.084e-02  9.592e-01  4.692e-02  9.289e-01  2.419e-02  1.578e-03  9.984e-01  3.961e-03  9.751e-01  2.095e-02  1.065e+07  7.156e-02  9.059e+00
 0.1371  9.825e-14  6.374e-14  8.439e-18  3.886e-18  8.351e-21  5.252e-21  2.055e-21  3.724e-02  9.628e-01  4.276e-02  9.317e-01  2.557e-02  4.554e-04  9.995e-01  1.284e-03  9.762e-01  2.255e-02  1.100e+07  7.305e-02  7.746e+00
 0.1378  1.159e-13  7.587e-14  8.773e-18  3.907e-18  9.689e-21  6.169e-21  2.372e-21  3.552e-02  9.645e-01  4.071e-02  9.323e-01  2.698e-02  3.170e-04  9.997e-01  6.055e-04  9.752e-01  2.423e-02  1.135e+07  7.462e-02  6.996e+00
 0.1385  1.313e-13  8.758e-14  9.283e-18  3.927e-18  1.076e-20  7.006e-21  2.682e-21  3.449e-02  9.655e-01  3.957e-02  9.319e-01  2.853e-02  2.665e-04  9.997e-01  4.359e-04  9.736e-01  2.597e-02  1.172e+07  7.602e-02  6.471e+00
 0.1392  1.455e-13  9.854e-14  9.644e-18  3.946e-18  1.170e-20  7.741e-21  2.978e-21  3.384e-02  9.662e-01  3.882e-02  9.311e-01  3.009e-02  2.344e-04  9.998e-01  3.672e-04  9.718e-01  2.780e-02  1.210e+07  7.773e-02  6.077e+00
 0.1399  1.584e-13  1.086e-13  1.020e-17  3.963e-18  1.250e-20  8.365e-21  3.255e-21  3.345e-02  9.666e-01  3.834e-02  9.300e-01  3.167e-02  2.106e-04  9.998e-01  3.230e-04  9.700e-01  2.970e-02  1.249e+07  7.908e-02  5.756e+00
 0.1406  1.706e-13  1.177e-13  1.059e-17  3.979e-18  1.323e-20  8.892e-21  3.509e-21  3.315e-02  9.668e-01  3.801e-02  9.287e-01  3.328e-02  1.923e-04  9.998e-01  2.904e-04  9.680e-01  3.170e-02  1.288e+07  8.015e-02  5.488e+00
 0.1413  1.826e-13  1.264e-13  1.119e-17  3.995e-18  1.394e-20  9.377e-21  3.747e-21  3.292e-02  9.671e-01  3.772e-02  9.272e-01  3.508e-02  1.772e-04  9.998e-01  2.646e-04  9.660e-01  3.376e-02  1.329e+07  8.228e-02  5.257e+00
 0.1421  1.949e-13  1.347e-13  1.163e-17  4.008e-18  1.467e-20  9.812e-21  3.966e-21  3.276e-02  9.672e-01  3.753e-02  9.256e-01  3.690e-02  1.641e-04  9.998e-01  2.432e-04  9.638e-01  3.594e-02  1.372e+07  8.393e-02  5.053e+00
 0.1428  2.075e-13  1.430e-13  1.228e-17  4.022e-18  1.539e-20  1.024e-20  4.175e-21  3.256e-02  9.674e-01  3.733e-02  9.238e-01  3.886e-02  1.524e-04  9.998e-01  2.250e-04  9.616e-01  3.820e-02  1.416e+07  8.589e-02  4.861e+00
 0.1435  2.231e-13  1.458e-13  1.276e-17  4.034e-18  1.649e-20  1.019e-20  4.305e-21  3.260e-02  9.674e-01  3.724e-02  9.220e-01  4.072e-02  1.418e-04  9.999e-01  2.090e-04  9.592e-01  4.059e-02  1.460e+07  8.720e-02  4.673e+00
 0.1443  2.411e-13  1.485e-13  1.347e-17  4.045e-18  1.776e-20  1.018e-20  4.405e-21  3.248e-02  9.675e-01  3.721e-02  9.200e-01  4.277e-02  1.311e-04  9.999e-01  2.006e-04  9.567e-01  4.306e-02  1.507e+07  8.899e-02  4.470e+00
 0.1450  2.595e-13  1.523e-13  1.400e-17  4.054e-18  1.896e-20  1.030e-20  4.496e-21  3.244e-02  9.676e-01  3.736e-02  9.178e-01  4.486e-02  1.206e-04  9.999e-01  1.928e-04  9.541e-01  4.566e-02  1.554e+07  9.050e-02  4.263e+00
 0.1458  2.760e-13  1.568e-13  1.465e-17  4.062e-18  1.988e-20  1.046e-20  4.582e-21  3.230e-02  9.677e-01  3.744e-02  9.155e-01  4.701e-02  1.111e-04  9.999e-01  1.841e-04  9.515e-01  4.836e-02  1.603e+07  9.201e-02  4.071e+00
 0.1466  2.923e-13  1.623e-13  1.534e-17  4.069e-18  2.075e-20  1.070e-20  4.673e-21  3.212e-02  9.679e-01  3.741e-02  9.132e-01  4.935e-02  1.034e-04  9.999e-01  1.755e-04  9.487e-01  5.117e-02  1.653e+07  9.430e-02  3.901e+00
 0.1473  3.090e-13  1.690e-13  1.607e-17  4.076e-18  2.162e-20  1.101e-20  4.772e-21  3.203e-02  9.680e-01  3.742e-02  9.108e-01  5.174e-02  9.643e-05  9.999e-01  1.664e-04  9.457e-01  5.413e-02  1.705e+07  9.618e-02  3.747e+00
 0.1481  3.240e-13  1.757e-13  1.683e-17  4.081e-18  2.228e-20  1.129e-20  4.870e-21  3.199e-02  9.680e-01  3.747e-02  9.084e-01  5.410e-02  9.007e-05  9.999e-01  1.570e-04  9.426e-01  5.722e-02  1.758e+07  9.754e-02  3.609e+00
 0.1489  3.393e-13  1.827e-13  1.762e-17  4.084e-18  2.297e-20  1.158e-20  4.969e-21  3.207e-02  9.679e-01  3.765e-02  9.058e-01  5.655e-02  8.478e-05  9.999e-01  1.484e-04  9.394e-01  6.045e-02  1.813e+07  9.898e-02  3.486e+00
 0.1497  3.552e-13  1.901e-13  1.845e-17  4.086e-18  2.370e-20  1.188e-20  5.072e-21  3.202e-02  9.680e-01  3.764e-02  9.031e-01  5.931e-02  7.984e-05  9.999e-01  1.402e-04  9.360e-01  6.383e-02  1.869e+07  1.012e-01  3.362e+00
 0.1489  3.393e-13  1.827e-13  1.762e-17  4.084e-18  2.297e-20  1.158e-20  4.969e-21  3.207e-02  9.679e-01  3.765e-02  9.058e-01  5.655e-02  8.478e-05  9.999e-01  1.484e-04  9.394e-01  6.045e-02  1.813e+07  1.920e-32  3.486e+00
 0.1497  3.550e-13  1.900e-13  1.845e-17  4.086e-18  2.369e-20  1.187e-20  5.070e-21  3.196e-02  9.680e-01  3.759e-02  9.030e-01  5.936e-02  7.984e-05  9.999e-01  1.402e-04  9.360e-01  6.383e-02  1.869e+07  1.011e-01  3.362e+00
 0.1505  3.717e-13  2.047e-13  1.932e-17  4.090e-18  2.435e-20  1.273e-20  5.246e-21  3.196e-02  9.680e-01  3.781e-02  9.002e-01  6.204e-02  7.519e-05  9.999e-01  1.324e-04  9.325e-01  6.736e-02  1.927e+07  1.035e-01  3.240e+00
 0.1513  3.866e-13  2.205e-13  2.024e-17  4.093e-18  2.480e-20  1.359e-20  5.444e-21  3.197e-02  9.680e-01  3.784e-02  8.972e-01  6.492e-02  7.065e-05  9.999e-01  1.212e-04  9.288e-01  7.108e-02  1.987e+07  1.050e-01  3.125e+00
 0.1521  3.994e-13  2.360e-13  2.119e-17  4.094e-18  2.506e-20  1.435e-20  5.647e-21  3.195e-02  9.681e-01  3.782e-02  8.943e-01  6.792e-02  6.679e-05  9.999e-01  1.110e-04  9.249e-01  7.498e-02  2.048e+07  1.070e-01  3.023e+00
 0.1529  4.131e-13  2.515e-13  2.220e-17  4.094e-18  2.543e-20  1.507e-20  5.855e-21  3.198e-02  9.680e-01  3.785e-02  8.911e-01  7.109e-02  6.351e-05  9.999e-01  1.021e-04  9.208e-01  7.905e-02  2.111e+07  1.091e-01  2.938e+00
 0.1521  3.994e-13  2.360e-13  2.119e-17  4.094e-18  2.506e-20  1.435e-20  5.647e-21  3.195e-02  9.681e-01  3.782e-02  8.943e-01  6.792e-02  6.679e-05  9.999e-01  1.110e-04  9.249e-01  7.498e-02  2.048e+07  2.084e-32  3.023e+00
 0.1529  4.124e-13  2.513e-13  2.220e-17  4.094e-18  2.537e-20  1.505e-20  5.854e-21  3.199e-02  9.680e-01  3.788e-02  8.911e-01  7.107e-02  6.350e-05  9.999e-01  1.021e-04  9.208e-01  7.905e-02  2.111e+07  1.088e-01  2.938e+00
 0.1537  4.266e-13  2.662e-13  2.325e-17  4.093e-18  2.580e-20  1.568e-20  6.057e-21  3.206e-02  9.679e-01  3.795e-02  8.878e-01  7.422e-02  6.043e-05  9.999e-01  9.437e-05  9.166e-01  8.333e-02  2.176e+07  1.109e-01  2.861e+00
 0.1545  4.416e-13  2.807e-13  2.435e-17  4.091e-18  2.627e-20  1.626e-20  6.256e-21  3.207e-02  9.679e-01  3.794e-02  8.843e-01  7.773e-02  5.739e-05  9.999e-01  8.755e-05  9.121e-01  8.780e-02  2.243e+07  1.130e-01  2.774e+00
 0.1554  4.578e-13  2.956e-13  2.550e-17  4.089e-18  2.681e-20  1.684e-20  6.456e-21  3.218e-02  9.678e-01  3.809e-02  8.806e-01  8.130e-02  5.449e-05  9.999e-01  8.151e-05  9.074e-01  9.249e-02  2.312e+07  1.155e-01  2.684e+00
 0.1562  4.747e-13  3.104e-13  2.672e-17  4.086e-18  2.737e-20  1.739e-20  6.651e-21  3.219e-02  9.678e-01  3.812e-02  8.768e-01  8.509e-02  5.164e-05  9.999e-01  7.595e-05  9.025e-01  9.741e-02  2.383e+07  1.177e-01  2.593e+00
 0.1571  4.913e-13  3.255e-13  2.799e-17  4.082e-18  2.786e-20  1.792e-20  6.843e-21  3.227e-02  9.677e-01  3.825e-02  8.728e-01  8.897e-02  4.894e-05  1.000e+00  7.091e-05  8.974e-01  1.026e-01  2.455e+07  1.193e-01  2.508e+00
 0.1579  5.101e-13  3.407e-13  2.932e-17  4.076e-18  2.851e-20  1.845e-20  7.030e-21  3.235e-02  9.676e-01  3.839e-02  8.687e-01  9.295e-02  4.646e-05  1.000e+00  6.631e-05  8.920e-01  1.080e-01  2.530e+07  1.213e-01  2.426e+00
 0.1588  5.288e-13  3.561e-13  3.072e-17  4.071e-18  2.910e-20  1.897e-20  7.216e-21  3.235e-02  9.676e-01  3.843e-02  8.642e-01  9.737e-02  4.397e-05  1.000e+00  6.205e-05  8.863e-01  1.136e-01  2.607e+07  1.238e-01  2.338e+00
 0.1596  5.493e-13  3.721e-13  3.219e-17  4.064e-18  2.980e-20  1.950e-20  7.398e-21  3.247e-02  9.675e-01  3.862e-02  8.596e-01  1.018e-01  4.166e-05  1.000e+00  5.813e-05  8.804e-01  1.196e-01  2.686e+07  1.259e-01  2.258e+00
 0.1605  5.695e-13  3.880e-13  3.374e-17  4.057e-18  3.041e-20  2.001e-20  7.577e-21  3.256e-02  9.674e-01  3.877e-02  8.548e-01  1.064e-01  3.941e-05  1.000e+00  5.445e-05  8.741e-01  1.258e-01  2.766e+07  1.276e-01  2.183e+00
 0.1614  5.908e-13  4.044e-13  3.537e-17  4.047e-18  3.108e-20  2.052e-20  7.751e-21  3.272e-02  9.673e-01  3.899e-02  8.498e-01  1.112e-01  3.735e-05  1.000e+00  5.109e-05  8.676e-01  1.323e-01  2.850e+07  1.303e-01  2.117e+00
 0.1623  6.137e-13  4.216e-13  3.708e-17  4.039e-18  3.181e-20  2.105e-20  7.927e-21  3.279e-02  9.672e-01  3.918e-02  8.446e-01  1.162e-01  3.536e-05  1.000e+00  4.793e-05  8.608e-01  1.392e-01  2.936e+07  1.325e-01  2.044e+00
 0.1632  6.351e-13  4.384e-13  3.888e-17  4.027e-18  3.238e-20  2.153e-20  8.092e-21  3.293e-02  9.671e-01  3.940e-02  8.391e-01  1.215e-01  3.344e-05  1.000e+00  4.494e-05  8.536e-01  1.463e-01  3.023e+07  1.344e-01  1.970e+00
 0.1641  6.600e-13  4.565e-13  4.078e-17  4.016e-18  3.319e-20  2.208e-20  8.262e-21  3.305e-02  9.670e-01  3.956e-02  8.334e-01  1.271e-01  3.174e-05  1.000e+00  4.224e-05  8.461e-01  1.538e-01  3.114e+07  1.368e-01  1.901e+00
 0.1650  6.858e-13  4.751e-13  4.277e-17  4.004e-18  3.399e-20  2.262e-20  8.428e-21  3.310e-02  9.669e-01  3.969e-02  8.274e-01  1.329e-01  3.000e-05  1.000e+00  3.961e-05  8.382e-01  1.617e-01  3.206e+07  1.392e-01  1.827e+00
 0.1659  7.114e-13  4.839e-13  4.488e-17  3.989e-18  3.484e-20  2.253e-20  8.528e-21  3.314e-02  9.669e-01  3.962e-02  8.213e-01  1.391e-01  2.837e-05  1.000e+00  3.716e-05  8.300e-01  1.700e-01  3.301e+07  1.408e-01  1.755e+00
 0.1669  7.114e-13  4.839e-13  4.488e-17  4.041e-18  3.659e-20  2.287e-20  8.760e-21  3.328e-02  9.667e-01  3.975e-02  8.148e-01  1.455e-01  2.690e-05  1.000e+00  3.548e-05  8.214e-01  1.786e-01  3.399e+07  1.434e-01  1.689e+00